Welcome to Alexis Stephens' Feature Selection Algorithm.
Type in the name of the file to test: CS170_Large_Data__55.txt

Type the number of the algorithm you want to run.
1) Forward Selection
2) Backward Elimination
2

This dataset has 40 features (not including the class attribute), with 1000 instances.
Running nearest neighbor with all 40 features, using "leaving-one-out" evaluation, I get an accuracy of 82.1%

Beginning search.
        Using feature(s) {2,3,4,5,6,7,8,9,10,11,12,13,14,15,16,17,18,19,20,21,22,23,24,25,26,27,28,29,30,31,32,33,34,35,36,37,38,39,40} accuracy is 67.8%
        Using feature(s) {1,3,4,5,6,7,8,9,10,11,12,13,14,15,16,17,18,19,20,21,22,23,24,25,26,27,28,29,30,31,32,33,34,35,36,37,38,39,40} accuracy is 68%
        Using feature(s) {1,2,4,5,6,7,8,9,10,11,12,13,14,15,16,17,18,19,20,21,22,23,24,25,26,27,28,29,30,31,32,33,34,35,36,37,38,39,40} accuracy is 67.9%
        Using feature(s) {1,2,3,5,6,7,8,9,10,11,12,13,14,15,16,17,18,19,20,21,22,23,24,25,26,27,28,29,30,31,32,33,34,35,36,37,38,39,40} accuracy is 68.5%
        Using feature(s) {1,2,3,4,6,7,8,9,10,11,12,13,14,15,16,17,18,19,20,21,22,23,24,25,26,27,28,29,30,31,32,33,34,35,36,37,38,39,40} accuracy is 68%
        Using feature(s) {1,2,3,4,5,7,8,9,10,11,12,13,14,15,16,17,18,19,20,21,22,23,24,25,26,27,28,29,30,31,32,33,34,35,36,37,38,39,40} accuracy is 68.2%
        Using feature(s) {1,2,3,4,5,6,8,9,10,11,12,13,14,15,16,17,18,19,20,21,22,23,24,25,26,27,28,29,30,31,32,33,34,35,36,37,38,39,40} accuracy is 69%
        Using feature(s) {1,2,3,4,5,6,7,9,10,11,12,13,14,15,16,17,18,19,20,21,22,23,24,25,26,27,28,29,30,31,32,33,34,35,36,37,38,39,40} accuracy is 68.3%
        Using feature(s) {1,2,3,4,5,6,7,8,10,11,12,13,14,15,16,17,18,19,20,21,22,23,24,25,26,27,28,29,30,31,32,33,34,35,36,37,38,39,40} accuracy is 68.9%
        Using feature(s) {1,2,3,4,5,6,7,8,9,11,12,13,14,15,16,17,18,19,20,21,22,23,24,25,26,27,28,29,30,31,32,33,34,35,36,37,38,39,40} accuracy is 68.5%
        Using feature(s) {1,2,3,4,5,6,7,8,9,10,12,13,14,15,16,17,18,19,20,21,22,23,24,25,26,27,28,29,30,31,32,33,34,35,36,37,38,39,40} accuracy is 69.3%
        Using feature(s) {1,2,3,4,5,6,7,8,9,10,11,13,14,15,16,17,18,19,20,21,22,23,24,25,26,27,28,29,30,31,32,33,34,35,36,37,38,39,40} accuracy is 69.4%
        Using feature(s) {1,2,3,4,5,6,7,8,9,10,11,12,14,15,16,17,18,19,20,21,22,23,24,25,26,27,28,29,30,31,32,33,34,35,36,37,38,39,40} accuracy is 68.5%
        Using feature(s) {1,2,3,4,5,6,7,8,9,10,11,12,13,15,16,17,18,19,20,21,22,23,24,25,26,27,28,29,30,31,32,33,34,35,36,37,38,39,40} accuracy is 68%
        Using feature(s) {1,2,3,4,5,6,7,8,9,10,11,12,13,14,16,17,18,19,20,21,22,23,24,25,26,27,28,29,30,31,32,33,34,35,36,37,38,39,40} accuracy is 68.1%
        Using feature(s) {1,2,3,4,5,6,7,8,9,10,11,12,13,14,15,17,18,19,20,21,22,23,24,25,26,27,28,29,30,31,32,33,34,35,36,37,38,39,40} accuracy is 67.6%
        Using feature(s) {1,2,3,4,5,6,7,8,9,10,11,12,13,14,15,16,18,19,20,21,22,23,24,25,26,27,28,29,30,31,32,33,34,35,36,37,38,39,40} accuracy is 69%
        Using feature(s) {1,2,3,4,5,6,7,8,9,10,11,12,13,14,15,16,17,19,20,21,22,23,24,25,26,27,28,29,30,31,32,33,34,35,36,37,38,39,40} accuracy is 68.8%
        Using feature(s) {1,2,3,4,5,6,7,8,9,10,11,12,13,14,15,16,17,18,20,21,22,23,24,25,26,27,28,29,30,31,32,33,34,35,36,37,38,39,40} accuracy is 67.6%
        Using feature(s) {1,2,3,4,5,6,7,8,9,10,11,12,13,14,15,16,17,18,19,21,22,23,24,25,26,27,28,29,30,31,32,33,34,35,36,37,38,39,40} accuracy is 68%
        Using feature(s) {1,2,3,4,5,6,7,8,9,10,11,12,13,14,15,16,17,18,19,20,22,23,24,25,26,27,28,29,30,31,32,33,34,35,36,37,38,39,40} accuracy is 67.9%
        Using feature(s) {1,2,3,4,5,6,7,8,9,10,11,12,13,14,15,16,17,18,19,20,21,23,24,25,26,27,28,29,30,31,32,33,34,35,36,37,38,39,40} accuracy is 68.5%
        Using feature(s) {1,2,3,4,5,6,7,8,9,10,11,12,13,14,15,16,17,18,19,20,21,22,24,25,26,27,28,29,30,31,32,33,34,35,36,37,38,39,40} accuracy is 69.7%
        Using feature(s) {1,2,3,4,5,6,7,8,9,10,11,12,13,14,15,16,17,18,19,20,21,22,23,25,26,27,28,29,30,31,32,33,34,35,36,37,38,39,40} accuracy is 69.9%
        Using feature(s) {1,2,3,4,5,6,7,8,9,10,11,12,13,14,15,16,17,18,19,20,21,22,23,24,26,27,28,29,30,31,32,33,34,35,36,37,38,39,40} accuracy is 68%
        Using feature(s) {1,2,3,4,5,6,7,8,9,10,11,12,13,14,15,16,17,18,19,20,21,22,23,24,25,27,28,29,30,31,32,33,34,35,36,37,38,39,40} accuracy is 70.3%
        Using feature(s) {1,2,3,4,5,6,7,8,9,10,11,12,13,14,15,16,17,18,19,20,21,22,23,24,25,26,28,29,30,31,32,33,34,35,36,37,38,39,40} accuracy is 70.3%
        Using feature(s) {1,2,3,4,5,6,7,8,9,10,11,12,13,14,15,16,17,18,19,20,21,22,23,24,25,26,27,29,30,31,32,33,34,35,36,37,38,39,40} accuracy is 68.5%
        Using feature(s) {1,2,3,4,5,6,7,8,9,10,11,12,13,14,15,16,17,18,19,20,21,22,23,24,25,26,27,28,30,31,32,33,34,35,36,37,38,39,40} accuracy is 68.1%
        Using feature(s) {1,2,3,4,5,6,7,8,9,10,11,12,13,14,15,16,17,18,19,20,21,22,23,24,25,26,27,28,29,31,32,33,34,35,36,37,38,39,40} accuracy is 68.1%
        Using feature(s) {1,2,3,4,5,6,7,8,9,10,11,12,13,14,15,16,17,18,19,20,21,22,23,24,25,26,27,28,29,30,32,33,34,35,36,37,38,39,40} accuracy is 67.2%
        Using feature(s) {1,2,3,4,5,6,7,8,9,10,11,12,13,14,15,16,17,18,19,20,21,22,23,24,25,26,27,28,29,30,31,33,34,35,36,37,38,39,40} accuracy is 67.7%
        Using feature(s) {1,2,3,4,5,6,7,8,9,10,11,12,13,14,15,16,17,18,19,20,21,22,23,24,25,26,27,28,29,30,31,32,34,35,36,37,38,39,40} accuracy is 69.3%
        Using feature(s) {1,2,3,4,5,6,7,8,9,10,11,12,13,14,15,16,17,18,19,20,21,22,23,24,25,26,27,28,29,30,31,32,33,35,36,37,38,39,40} accuracy is 69%
        Using feature(s) {1,2,3,4,5,6,7,8,9,10,11,12,13,14,15,16,17,18,19,20,21,22,23,24,25,26,27,28,29,30,31,32,33,34,36,37,38,39,40} accuracy is 69%
        Using feature(s) {1,2,3,4,5,6,7,8,9,10,11,12,13,14,15,16,17,18,19,20,21,22,23,24,25,26,27,28,29,30,31,32,33,34,35,37,38,39,40} accuracy is 69.5%
        Using feature(s) {1,2,3,4,5,6,7,8,9,10,11,12,13,14,15,16,17,18,19,20,21,22,23,24,25,26,27,28,29,30,31,32,33,34,35,36,38,39,40} accuracy is 68%
        Using feature(s) {1,2,3,4,5,6,7,8,9,10,11,12,13,14,15,16,17,18,19,20,21,22,23,24,25,26,27,28,29,30,31,32,33,34,35,36,37,39,40} accuracy is 68.8%
        Using feature(s) {1,2,3,4,5,6,7,8,9,10,11,12,13,14,15,16,17,18,19,20,21,22,23,24,25,26,27,28,29,30,31,32,33,34,35,36,37,38,40} accuracy is 69.5%
        Using feature(s) {1,2,3,4,5,6,7,8,9,10,11,12,13,14,15,16,17,18,19,20,21,22,23,24,25,26,27,28,29,30,31,32,33,34,35,36,37,38,39} accuracy is 70.2%

Removing feature {26} from feature set was best, accuracy is 70.3%
        Using feature(s) {2,3,4,5,6,7,8,9,10,11,12,13,14,15,16,17,18,19,20,21,22,23,24,25,27,28,29,30,31,32,33,34,35,36,37,38,39,40} accuracy is 69.3%
        Using feature(s) {1,3,4,5,6,7,8,9,10,11,12,13,14,15,16,17,18,19,20,21,22,23,24,25,27,28,29,30,31,32,33,34,35,36,37,38,39,40} accuracy is 68%
        Using feature(s) {1,2,4,5,6,7,8,9,10,11,12,13,14,15,16,17,18,19,20,21,22,23,24,25,27,28,29,30,31,32,33,34,35,36,37,38,39,40} accuracy is 70.6%
        Using feature(s) {1,2,3,5,6,7,8,9,10,11,12,13,14,15,16,17,18,19,20,21,22,23,24,25,27,28,29,30,31,32,33,34,35,36,37,38,39,40} accuracy is 70.7%
        Using feature(s) {1,2,3,4,6,7,8,9,10,11,12,13,14,15,16,17,18,19,20,21,22,23,24,25,27,28,29,30,31,32,33,34,35,36,37,38,39,40} accuracy is 69.7%
        Using feature(s) {1,2,3,4,5,7,8,9,10,11,12,13,14,15,16,17,18,19,20,21,22,23,24,25,27,28,29,30,31,32,33,34,35,36,37,38,39,40} accuracy is 69.6%
        Using feature(s) {1,2,3,4,5,6,8,9,10,11,12,13,14,15,16,17,18,19,20,21,22,23,24,25,27,28,29,30,31,32,33,34,35,36,37,38,39,40} accuracy is 69.3%
        Using feature(s) {1,2,3,4,5,6,7,9,10,11,12,13,14,15,16,17,18,19,20,21,22,23,24,25,27,28,29,30,31,32,33,34,35,36,37,38,39,40} accuracy is 69.8%
        Using feature(s) {1,2,3,4,5,6,7,8,10,11,12,13,14,15,16,17,18,19,20,21,22,23,24,25,27,28,29,30,31,32,33,34,35,36,37,38,39,40} accuracy is 70.5%
        Using feature(s) {1,2,3,4,5,6,7,8,9,11,12,13,14,15,16,17,18,19,20,21,22,23,24,25,27,28,29,30,31,32,33,34,35,36,37,38,39,40} accuracy is 69.9%
        Using feature(s) {1,2,3,4,5,6,7,8,9,10,12,13,14,15,16,17,18,19,20,21,22,23,24,25,27,28,29,30,31,32,33,34,35,36,37,38,39,40} accuracy is 70.4%
        Using feature(s) {1,2,3,4,5,6,7,8,9,10,11,13,14,15,16,17,18,19,20,21,22,23,24,25,27,28,29,30,31,32,33,34,35,36,37,38,39,40} accuracy is 70%
        Using feature(s) {1,2,3,4,5,6,7,8,9,10,11,12,14,15,16,17,18,19,20,21,22,23,24,25,27,28,29,30,31,32,33,34,35,36,37,38,39,40} accuracy is 70.5%
        Using feature(s) {1,2,3,4,5,6,7,8,9,10,11,12,13,15,16,17,18,19,20,21,22,23,24,25,27,28,29,30,31,32,33,34,35,36,37,38,39,40} accuracy is 68.5%
        Using feature(s) {1,2,3,4,5,6,7,8,9,10,11,12,13,14,16,17,18,19,20,21,22,23,24,25,27,28,29,30,31,32,33,34,35,36,37,38,39,40} accuracy is 68.7%
        Using feature(s) {1,2,3,4,5,6,7,8,9,10,11,12,13,14,15,17,18,19,20,21,22,23,24,25,27,28,29,30,31,32,33,34,35,36,37,38,39,40} accuracy is 68.9%
        Using feature(s) {1,2,3,4,5,6,7,8,9,10,11,12,13,14,15,16,18,19,20,21,22,23,24,25,27,28,29,30,31,32,33,34,35,36,37,38,39,40} accuracy is 70.8%
        Using feature(s) {1,2,3,4,5,6,7,8,9,10,11,12,13,14,15,16,17,19,20,21,22,23,24,25,27,28,29,30,31,32,33,34,35,36,37,38,39,40} accuracy is 69.6%
        Using feature(s) {1,2,3,4,5,6,7,8,9,10,11,12,13,14,15,16,17,18,20,21,22,23,24,25,27,28,29,30,31,32,33,34,35,36,37,38,39,40} accuracy is 69.1%
        Using feature(s) {1,2,3,4,5,6,7,8,9,10,11,12,13,14,15,16,17,18,19,21,22,23,24,25,27,28,29,30,31,32,33,34,35,36,37,38,39,40} accuracy is 70%
        Using feature(s) {1,2,3,4,5,6,7,8,9,10,11,12,13,14,15,16,17,18,19,20,22,23,24,25,27,28,29,30,31,32,33,34,35,36,37,38,39,40} accuracy is 68.9%
        Using feature(s) {1,2,3,4,5,6,7,8,9,10,11,12,13,14,15,16,17,18,19,20,21,23,24,25,27,28,29,30,31,32,33,34,35,36,37,38,39,40} accuracy is 69.1%
        Using feature(s) {1,2,3,4,5,6,7,8,9,10,11,12,13,14,15,16,17,18,19,20,21,22,24,25,27,28,29,30,31,32,33,34,35,36,37,38,39,40} accuracy is 70.8%
        Using feature(s) {1,2,3,4,5,6,7,8,9,10,11,12,13,14,15,16,17,18,19,20,21,22,23,25,27,28,29,30,31,32,33,34,35,36,37,38,39,40} accuracy is 71.1%
        Using feature(s) {1,2,3,4,5,6,7,8,9,10,11,12,13,14,15,16,17,18,19,20,21,22,23,24,27,28,29,30,31,32,33,34,35,36,37,38,39,40} accuracy is 69.8%
        Using feature(s) {1,2,3,4,5,6,7,8,9,10,11,12,13,14,15,16,17,18,19,20,21,22,23,24,25,28,29,30,31,32,33,34,35,36,37,38,39,40} accuracy is 71.3%
        Using feature(s) {1,2,3,4,5,6,7,8,9,10,11,12,13,14,15,16,17,18,19,20,21,22,23,24,25,27,29,30,31,32,33,34,35,36,37,38,39,40} accuracy is 70%
        Using feature(s) {1,2,3,4,5,6,7,8,9,10,11,12,13,14,15,16,17,18,19,20,21,22,23,24,25,27,28,30,31,32,33,34,35,36,37,38,39,40} accuracy is 67.8%
        Using feature(s) {1,2,3,4,5,6,7,8,9,10,11,12,13,14,15,16,17,18,19,20,21,22,23,24,25,27,28,29,31,32,33,34,35,36,37,38,39,40} accuracy is 68.8%
        Using feature(s) {1,2,3,4,5,6,7,8,9,10,11,12,13,14,15,16,17,18,19,20,21,22,23,24,25,27,28,29,30,32,33,34,35,36,37,38,39,40} accuracy is 69.9%
        Using feature(s) {1,2,3,4,5,6,7,8,9,10,11,12,13,14,15,16,17,18,19,20,21,22,23,24,25,27,28,29,30,31,33,34,35,36,37,38,39,40} accuracy is 68.9%
        Using feature(s) {1,2,3,4,5,6,7,8,9,10,11,12,13,14,15,16,17,18,19,20,21,22,23,24,25,27,28,29,30,31,32,34,35,36,37,38,39,40} accuracy is 70.4%
        Using feature(s) {1,2,3,4,5,6,7,8,9,10,11,12,13,14,15,16,17,18,19,20,21,22,23,24,25,27,28,29,30,31,32,33,35,36,37,38,39,40} accuracy is 69.3%
        Using feature(s) {1,2,3,4,5,6,7,8,9,10,11,12,13,14,15,16,17,18,19,20,21,22,23,24,25,27,28,29,30,31,32,33,34,36,37,38,39,40} accuracy is 69.3%
        Using feature(s) {1,2,3,4,5,6,7,8,9,10,11,12,13,14,15,16,17,18,19,20,21,22,23,24,25,27,28,29,30,31,32,33,34,35,37,38,39,40} accuracy is 69.6%
        Using feature(s) {1,2,3,4,5,6,7,8,9,10,11,12,13,14,15,16,17,18,19,20,21,22,23,24,25,27,28,29,30,31,32,33,34,35,36,38,39,40} accuracy is 69.4%
        Using feature(s) {1,2,3,4,5,6,7,8,9,10,11,12,13,14,15,16,17,18,19,20,21,22,23,24,25,27,28,29,30,31,32,33,34,35,36,37,39,40} accuracy is 68.6%
        Using feature(s) {1,2,3,4,5,6,7,8,9,10,11,12,13,14,15,16,17,18,19,20,21,22,23,24,25,27,28,29,30,31,32,33,34,35,36,37,38,40} accuracy is 69.9%
        Using feature(s) {1,2,3,4,5,6,7,8,9,10,11,12,13,14,15,16,17,18,19,20,21,22,23,24,25,27,28,29,30,31,32,33,34,35,36,37,38,39} accuracy is 69.9%

Removing feature {27} from feature set was best, accuracy is 71.3%
        Using feature(s) {2,3,4,5,6,7,8,9,10,11,12,13,14,15,16,17,18,19,20,21,22,23,24,25,28,29,30,31,32,33,34,35,36,37,38,39,40} accuracy is 68.4%
        Using feature(s) {1,3,4,5,6,7,8,9,10,11,12,13,14,15,16,17,18,19,20,21,22,23,24,25,28,29,30,31,32,33,34,35,36,37,38,39,40} accuracy is 70.3%
        Using feature(s) {1,2,4,5,6,7,8,9,10,11,12,13,14,15,16,17,18,19,20,21,22,23,24,25,28,29,30,31,32,33,34,35,36,37,38,39,40} accuracy is 71.2%
        Using feature(s) {1,2,3,5,6,7,8,9,10,11,12,13,14,15,16,17,18,19,20,21,22,23,24,25,28,29,30,31,32,33,34,35,36,37,38,39,40} accuracy is 70.9%
        Using feature(s) {1,2,3,4,6,7,8,9,10,11,12,13,14,15,16,17,18,19,20,21,22,23,24,25,28,29,30,31,32,33,34,35,36,37,38,39,40} accuracy is 68.8%
        Using feature(s) {1,2,3,4,5,7,8,9,10,11,12,13,14,15,16,17,18,19,20,21,22,23,24,25,28,29,30,31,32,33,34,35,36,37,38,39,40} accuracy is 71.2%
        Using feature(s) {1,2,3,4,5,6,8,9,10,11,12,13,14,15,16,17,18,19,20,21,22,23,24,25,28,29,30,31,32,33,34,35,36,37,38,39,40} accuracy is 68.5%
        Using feature(s) {1,2,3,4,5,6,7,9,10,11,12,13,14,15,16,17,18,19,20,21,22,23,24,25,28,29,30,31,32,33,34,35,36,37,38,39,40} accuracy is 69.6%
        Using feature(s) {1,2,3,4,5,6,7,8,10,11,12,13,14,15,16,17,18,19,20,21,22,23,24,25,28,29,30,31,32,33,34,35,36,37,38,39,40} accuracy is 71.1%
        Using feature(s) {1,2,3,4,5,6,7,8,9,11,12,13,14,15,16,17,18,19,20,21,22,23,24,25,28,29,30,31,32,33,34,35,36,37,38,39,40} accuracy is 68.8%
        Using feature(s) {1,2,3,4,5,6,7,8,9,10,12,13,14,15,16,17,18,19,20,21,22,23,24,25,28,29,30,31,32,33,34,35,36,37,38,39,40} accuracy is 71%
        Using feature(s) {1,2,3,4,5,6,7,8,9,10,11,13,14,15,16,17,18,19,20,21,22,23,24,25,28,29,30,31,32,33,34,35,36,37,38,39,40} accuracy is 69.2%
        Using feature(s) {1,2,3,4,5,6,7,8,9,10,11,12,14,15,16,17,18,19,20,21,22,23,24,25,28,29,30,31,32,33,34,35,36,37,38,39,40} accuracy is 70.6%
        Using feature(s) {1,2,3,4,5,6,7,8,9,10,11,12,13,15,16,17,18,19,20,21,22,23,24,25,28,29,30,31,32,33,34,35,36,37,38,39,40} accuracy is 68.4%
        Using feature(s) {1,2,3,4,5,6,7,8,9,10,11,12,13,14,16,17,18,19,20,21,22,23,24,25,28,29,30,31,32,33,34,35,36,37,38,39,40} accuracy is 70.4%
        Using feature(s) {1,2,3,4,5,6,7,8,9,10,11,12,13,14,15,17,18,19,20,21,22,23,24,25,28,29,30,31,32,33,34,35,36,37,38,39,40} accuracy is 69.4%
        Using feature(s) {1,2,3,4,5,6,7,8,9,10,11,12,13,14,15,16,18,19,20,21,22,23,24,25,28,29,30,31,32,33,34,35,36,37,38,39,40} accuracy is 71.6%
        Using feature(s) {1,2,3,4,5,6,7,8,9,10,11,12,13,14,15,16,17,19,20,21,22,23,24,25,28,29,30,31,32,33,34,35,36,37,38,39,40} accuracy is 71%
        Using feature(s) {1,2,3,4,5,6,7,8,9,10,11,12,13,14,15,16,17,18,20,21,22,23,24,25,28,29,30,31,32,33,34,35,36,37,38,39,40} accuracy is 69.7%
        Using feature(s) {1,2,3,4,5,6,7,8,9,10,11,12,13,14,15,16,17,18,19,21,22,23,24,25,28,29,30,31,32,33,34,35,36,37,38,39,40} accuracy is 69.8%
        Using feature(s) {1,2,3,4,5,6,7,8,9,10,11,12,13,14,15,16,17,18,19,20,22,23,24,25,28,29,30,31,32,33,34,35,36,37,38,39,40} accuracy is 69.9%
        Using feature(s) {1,2,3,4,5,6,7,8,9,10,11,12,13,14,15,16,17,18,19,20,21,23,24,25,28,29,30,31,32,33,34,35,36,37,38,39,40} accuracy is 70.2%
        Using feature(s) {1,2,3,4,5,6,7,8,9,10,11,12,13,14,15,16,17,18,19,20,21,22,24,25,28,29,30,31,32,33,34,35,36,37,38,39,40} accuracy is 70.9%
        Using feature(s) {1,2,3,4,5,6,7,8,9,10,11,12,13,14,15,16,17,18,19,20,21,22,23,25,28,29,30,31,32,33,34,35,36,37,38,39,40} accuracy is 72%
        Using feature(s) {1,2,3,4,5,6,7,8,9,10,11,12,13,14,15,16,17,18,19,20,21,22,23,24,28,29,30,31,32,33,34,35,36,37,38,39,40} accuracy is 69.7%
        Using feature(s) {1,2,3,4,5,6,7,8,9,10,11,12,13,14,15,16,17,18,19,20,21,22,23,24,25,29,30,31,32,33,34,35,36,37,38,39,40} accuracy is 70.2%
        Using feature(s) {1,2,3,4,5,6,7,8,9,10,11,12,13,14,15,16,17,18,19,20,21,22,23,24,25,28,30,31,32,33,34,35,36,37,38,39,40} accuracy is 70%
        Using feature(s) {1,2,3,4,5,6,7,8,9,10,11,12,13,14,15,16,17,18,19,20,21,22,23,24,25,28,29,31,32,33,34,35,36,37,38,39,40} accuracy is 68.8%
        Using feature(s) {1,2,3,4,5,6,7,8,9,10,11,12,13,14,15,16,17,18,19,20,21,22,23,24,25,28,29,30,32,33,34,35,36,37,38,39,40} accuracy is 69.1%
        Using feature(s) {1,2,3,4,5,6,7,8,9,10,11,12,13,14,15,16,17,18,19,20,21,22,23,24,25,28,29,30,31,33,34,35,36,37,38,39,40} accuracy is 71.1%
        Using feature(s) {1,2,3,4,5,6,7,8,9,10,11,12,13,14,15,16,17,18,19,20,21,22,23,24,25,28,29,30,31,32,34,35,36,37,38,39,40} accuracy is 70.4%
        Using feature(s) {1,2,3,4,5,6,7,8,9,10,11,12,13,14,15,16,17,18,19,20,21,22,23,24,25,28,29,30,31,32,33,35,36,37,38,39,40} accuracy is 69.8%
        Using feature(s) {1,2,3,4,5,6,7,8,9,10,11,12,13,14,15,16,17,18,19,20,21,22,23,24,25,28,29,30,31,32,33,34,36,37,38,39,40} accuracy is 70.1%
        Using feature(s) {1,2,3,4,5,6,7,8,9,10,11,12,13,14,15,16,17,18,19,20,21,22,23,24,25,28,29,30,31,32,33,34,35,37,38,39,40} accuracy is 70.8%
        Using feature(s) {1,2,3,4,5,6,7,8,9,10,11,12,13,14,15,16,17,18,19,20,21,22,23,24,25,28,29,30,31,32,33,34,35,36,38,39,40} accuracy is 70.3%
        Using feature(s) {1,2,3,4,5,6,7,8,9,10,11,12,13,14,15,16,17,18,19,20,21,22,23,24,25,28,29,30,31,32,33,34,35,36,37,39,40} accuracy is 69.8%
        Using feature(s) {1,2,3,4,5,6,7,8,9,10,11,12,13,14,15,16,17,18,19,20,21,22,23,24,25,28,29,30,31,32,33,34,35,36,37,38,40} accuracy is 69.3%
        Using feature(s) {1,2,3,4,5,6,7,8,9,10,11,12,13,14,15,16,17,18,19,20,21,22,23,24,25,28,29,30,31,32,33,34,35,36,37,38,39} accuracy is 70%

Removing feature {24} from feature set was best, accuracy is 72%
        Using feature(s) {2,3,4,5,6,7,8,9,10,11,12,13,14,15,16,17,18,19,20,21,22,23,25,28,29,30,31,32,33,34,35,36,37,38,39,40} accuracy is 70.6%
        Using feature(s) {1,3,4,5,6,7,8,9,10,11,12,13,14,15,16,17,18,19,20,21,22,23,25,28,29,30,31,32,33,34,35,36,37,38,39,40} accuracy is 70.7%
        Using feature(s) {1,2,4,5,6,7,8,9,10,11,12,13,14,15,16,17,18,19,20,21,22,23,25,28,29,30,31,32,33,34,35,36,37,38,39,40} accuracy is 71.2%
        Using feature(s) {1,2,3,5,6,7,8,9,10,11,12,13,14,15,16,17,18,19,20,21,22,23,25,28,29,30,31,32,33,34,35,36,37,38,39,40} accuracy is 70.6%
        Using feature(s) {1,2,3,4,6,7,8,9,10,11,12,13,14,15,16,17,18,19,20,21,22,23,25,28,29,30,31,32,33,34,35,36,37,38,39,40} accuracy is 69.9%
        Using feature(s) {1,2,3,4,5,7,8,9,10,11,12,13,14,15,16,17,18,19,20,21,22,23,25,28,29,30,31,32,33,34,35,36,37,38,39,40} accuracy is 71.2%
        Using feature(s) {1,2,3,4,5,6,8,9,10,11,12,13,14,15,16,17,18,19,20,21,22,23,25,28,29,30,31,32,33,34,35,36,37,38,39,40} accuracy is 70.7%
        Using feature(s) {1,2,3,4,5,6,7,9,10,11,12,13,14,15,16,17,18,19,20,21,22,23,25,28,29,30,31,32,33,34,35,36,37,38,39,40} accuracy is 69.8%
        Using feature(s) {1,2,3,4,5,6,7,8,10,11,12,13,14,15,16,17,18,19,20,21,22,23,25,28,29,30,31,32,33,34,35,36,37,38,39,40} accuracy is 71.3%
        Using feature(s) {1,2,3,4,5,6,7,8,9,11,12,13,14,15,16,17,18,19,20,21,22,23,25,28,29,30,31,32,33,34,35,36,37,38,39,40} accuracy is 70.6%
        Using feature(s) {1,2,3,4,5,6,7,8,9,10,12,13,14,15,16,17,18,19,20,21,22,23,25,28,29,30,31,32,33,34,35,36,37,38,39,40} accuracy is 70.8%
        Using feature(s) {1,2,3,4,5,6,7,8,9,10,11,13,14,15,16,17,18,19,20,21,22,23,25,28,29,30,31,32,33,34,35,36,37,38,39,40} accuracy is 70.8%
        Using feature(s) {1,2,3,4,5,6,7,8,9,10,11,12,14,15,16,17,18,19,20,21,22,23,25,28,29,30,31,32,33,34,35,36,37,38,39,40} accuracy is 71.4%
        Using feature(s) {1,2,3,4,5,6,7,8,9,10,11,12,13,15,16,17,18,19,20,21,22,23,25,28,29,30,31,32,33,34,35,36,37,38,39,40} accuracy is 70.1%
        Using feature(s) {1,2,3,4,5,6,7,8,9,10,11,12,13,14,16,17,18,19,20,21,22,23,25,28,29,30,31,32,33,34,35,36,37,38,39,40} accuracy is 72.1%
        Using feature(s) {1,2,3,4,5,6,7,8,9,10,11,12,13,14,15,17,18,19,20,21,22,23,25,28,29,30,31,32,33,34,35,36,37,38,39,40} accuracy is 70.8%
        Using feature(s) {1,2,3,4,5,6,7,8,9,10,11,12,13,14,15,16,18,19,20,21,22,23,25,28,29,30,31,32,33,34,35,36,37,38,39,40} accuracy is 72.1%
        Using feature(s) {1,2,3,4,5,6,7,8,9,10,11,12,13,14,15,16,17,19,20,21,22,23,25,28,29,30,31,32,33,34,35,36,37,38,39,40} accuracy is 72.1%
        Using feature(s) {1,2,3,4,5,6,7,8,9,10,11,12,13,14,15,16,17,18,20,21,22,23,25,28,29,30,31,32,33,34,35,36,37,38,39,40} accuracy is 71.1%
        Using feature(s) {1,2,3,4,5,6,7,8,9,10,11,12,13,14,15,16,17,18,19,21,22,23,25,28,29,30,31,32,33,34,35,36,37,38,39,40} accuracy is 71.9%
        Using feature(s) {1,2,3,4,5,6,7,8,9,10,11,12,13,14,15,16,17,18,19,20,22,23,25,28,29,30,31,32,33,34,35,36,37,38,39,40} accuracy is 71.5%
        Using feature(s) {1,2,3,4,5,6,7,8,9,10,11,12,13,14,15,16,17,18,19,20,21,23,25,28,29,30,31,32,33,34,35,36,37,38,39,40} accuracy is 70.5%
        Using feature(s) {1,2,3,4,5,6,7,8,9,10,11,12,13,14,15,16,17,18,19,20,21,22,25,28,29,30,31,32,33,34,35,36,37,38,39,40} accuracy is 71.9%
        Using feature(s) {1,2,3,4,5,6,7,8,9,10,11,12,13,14,15,16,17,18,19,20,21,22,23,28,29,30,31,32,33,34,35,36,37,38,39,40} accuracy is 70.3%
        Using feature(s) {1,2,3,4,5,6,7,8,9,10,11,12,13,14,15,16,17,18,19,20,21,22,23,25,29,30,31,32,33,34,35,36,37,38,39,40} accuracy is 70.5%
        Using feature(s) {1,2,3,4,5,6,7,8,9,10,11,12,13,14,15,16,17,18,19,20,21,22,23,25,28,30,31,32,33,34,35,36,37,38,39,40} accuracy is 71.2%
        Using feature(s) {1,2,3,4,5,6,7,8,9,10,11,12,13,14,15,16,17,18,19,20,21,22,23,25,28,29,31,32,33,34,35,36,37,38,39,40} accuracy is 69.6%
        Using feature(s) {1,2,3,4,5,6,7,8,9,10,11,12,13,14,15,16,17,18,19,20,21,22,23,25,28,29,30,32,33,34,35,36,37,38,39,40} accuracy is 71.2%
        Using feature(s) {1,2,3,4,5,6,7,8,9,10,11,12,13,14,15,16,17,18,19,20,21,22,23,25,28,29,30,31,33,34,35,36,37,38,39,40} accuracy is 72%
        Using feature(s) {1,2,3,4,5,6,7,8,9,10,11,12,13,14,15,16,17,18,19,20,21,22,23,25,28,29,30,31,32,34,35,36,37,38,39,40} accuracy is 70.4%
        Using feature(s) {1,2,3,4,5,6,7,8,9,10,11,12,13,14,15,16,17,18,19,20,21,22,23,25,28,29,30,31,32,33,35,36,37,38,39,40} accuracy is 71.1%
        Using feature(s) {1,2,3,4,5,6,7,8,9,10,11,12,13,14,15,16,17,18,19,20,21,22,23,25,28,29,30,31,32,33,34,36,37,38,39,40} accuracy is 70.9%
        Using feature(s) {1,2,3,4,5,6,7,8,9,10,11,12,13,14,15,16,17,18,19,20,21,22,23,25,28,29,30,31,32,33,34,35,37,38,39,40} accuracy is 71.6%
        Using feature(s) {1,2,3,4,5,6,7,8,9,10,11,12,13,14,15,16,17,18,19,20,21,22,23,25,28,29,30,31,32,33,34,35,36,38,39,40} accuracy is 72%
        Using feature(s) {1,2,3,4,5,6,7,8,9,10,11,12,13,14,15,16,17,18,19,20,21,22,23,25,28,29,30,31,32,33,34,35,36,37,39,40} accuracy is 72%
        Using feature(s) {1,2,3,4,5,6,7,8,9,10,11,12,13,14,15,16,17,18,19,20,21,22,23,25,28,29,30,31,32,33,34,35,36,37,38,40} accuracy is 69.4%
        Using feature(s) {1,2,3,4,5,6,7,8,9,10,11,12,13,14,15,16,17,18,19,20,21,22,23,25,28,29,30,31,32,33,34,35,36,37,38,39} accuracy is 71.8%

Removing feature {15} from feature set was best, accuracy is 72.1%
        Using feature(s) {2,3,4,5,6,7,8,9,10,11,12,13,14,16,17,18,19,20,21,22,23,25,28,29,30,31,32,33,34,35,36,37,38,39,40} accuracy is 70.4%
        Using feature(s) {1,3,4,5,6,7,8,9,10,11,12,13,14,16,17,18,19,20,21,22,23,25,28,29,30,31,32,33,34,35,36,37,38,39,40} accuracy is 71.2%
        Using feature(s) {1,2,4,5,6,7,8,9,10,11,12,13,14,16,17,18,19,20,21,22,23,25,28,29,30,31,32,33,34,35,36,37,38,39,40} accuracy is 71.6%
        Using feature(s) {1,2,3,5,6,7,8,9,10,11,12,13,14,16,17,18,19,20,21,22,23,25,28,29,30,31,32,33,34,35,36,37,38,39,40} accuracy is 69.8%
        Using feature(s) {1,2,3,4,6,7,8,9,10,11,12,13,14,16,17,18,19,20,21,22,23,25,28,29,30,31,32,33,34,35,36,37,38,39,40} accuracy is 71%
        Using feature(s) {1,2,3,4,5,7,8,9,10,11,12,13,14,16,17,18,19,20,21,22,23,25,28,29,30,31,32,33,34,35,36,37,38,39,40} accuracy is 71.5%
        Using feature(s) {1,2,3,4,5,6,8,9,10,11,12,13,14,16,17,18,19,20,21,22,23,25,28,29,30,31,32,33,34,35,36,37,38,39,40} accuracy is 69.9%
        Using feature(s) {1,2,3,4,5,6,7,9,10,11,12,13,14,16,17,18,19,20,21,22,23,25,28,29,30,31,32,33,34,35,36,37,38,39,40} accuracy is 70.1%
        Using feature(s) {1,2,3,4,5,6,7,8,10,11,12,13,14,16,17,18,19,20,21,22,23,25,28,29,30,31,32,33,34,35,36,37,38,39,40} accuracy is 71.7%
        Using feature(s) {1,2,3,4,5,6,7,8,9,11,12,13,14,16,17,18,19,20,21,22,23,25,28,29,30,31,32,33,34,35,36,37,38,39,40} accuracy is 70%
        Using feature(s) {1,2,3,4,5,6,7,8,9,10,12,13,14,16,17,18,19,20,21,22,23,25,28,29,30,31,32,33,34,35,36,37,38,39,40} accuracy is 71.7%
        Using feature(s) {1,2,3,4,5,6,7,8,9,10,11,13,14,16,17,18,19,20,21,22,23,25,28,29,30,31,32,33,34,35,36,37,38,39,40} accuracy is 71.1%
        Using feature(s) {1,2,3,4,5,6,7,8,9,10,11,12,14,16,17,18,19,20,21,22,23,25,28,29,30,31,32,33,34,35,36,37,38,39,40} accuracy is 71.7%
        Using feature(s) {1,2,3,4,5,6,7,8,9,10,11,12,13,16,17,18,19,20,21,22,23,25,28,29,30,31,32,33,34,35,36,37,38,39,40} accuracy is 70.5%
        Using feature(s) {1,2,3,4,5,6,7,8,9,10,11,12,13,14,17,18,19,20,21,22,23,25,28,29,30,31,32,33,34,35,36,37,38,39,40} accuracy is 71.3%
        Using feature(s) {1,2,3,4,5,6,7,8,9,10,11,12,13,14,16,18,19,20,21,22,23,25,28,29,30,31,32,33,34,35,36,37,38,39,40} accuracy is 71.5%
        Using feature(s) {1,2,3,4,5,6,7,8,9,10,11,12,13,14,16,17,19,20,21,22,23,25,28,29,30,31,32,33,34,35,36,37,38,39,40} accuracy is 72.2%
        Using feature(s) {1,2,3,4,5,6,7,8,9,10,11,12,13,14,16,17,18,20,21,22,23,25,28,29,30,31,32,33,34,35,36,37,38,39,40} accuracy is 70.3%
        Using feature(s) {1,2,3,4,5,6,7,8,9,10,11,12,13,14,16,17,18,19,21,22,23,25,28,29,30,31,32,33,34,35,36,37,38,39,40} accuracy is 71.7%
        Using feature(s) {1,2,3,4,5,6,7,8,9,10,11,12,13,14,16,17,18,19,20,22,23,25,28,29,30,31,32,33,34,35,36,37,38,39,40} accuracy is 70.9%
        Using feature(s) {1,2,3,4,5,6,7,8,9,10,11,12,13,14,16,17,18,19,20,21,23,25,28,29,30,31,32,33,34,35,36,37,38,39,40} accuracy is 70.7%
        Using feature(s) {1,2,3,4,5,6,7,8,9,10,11,12,13,14,16,17,18,19,20,21,22,25,28,29,30,31,32,33,34,35,36,37,38,39,40} accuracy is 71.3%
        Using feature(s) {1,2,3,4,5,6,7,8,9,10,11,12,13,14,16,17,18,19,20,21,22,23,28,29,30,31,32,33,34,35,36,37,38,39,40} accuracy is 70.8%
        Using feature(s) {1,2,3,4,5,6,7,8,9,10,11,12,13,14,16,17,18,19,20,21,22,23,25,29,30,31,32,33,34,35,36,37,38,39,40} accuracy is 70.1%
        Using feature(s) {1,2,3,4,5,6,7,8,9,10,11,12,13,14,16,17,18,19,20,21,22,23,25,28,30,31,32,33,34,35,36,37,38,39,40} accuracy is 71.3%
        Using feature(s) {1,2,3,4,5,6,7,8,9,10,11,12,13,14,16,17,18,19,20,21,22,23,25,28,29,31,32,33,34,35,36,37,38,39,40} accuracy is 68.8%
        Using feature(s) {1,2,3,4,5,6,7,8,9,10,11,12,13,14,16,17,18,19,20,21,22,23,25,28,29,30,32,33,34,35,36,37,38,39,40} accuracy is 71.8%
        Using feature(s) {1,2,3,4,5,6,7,8,9,10,11,12,13,14,16,17,18,19,20,21,22,23,25,28,29,30,31,33,34,35,36,37,38,39,40} accuracy is 70.1%
        Using feature(s) {1,2,3,4,5,6,7,8,9,10,11,12,13,14,16,17,18,19,20,21,22,23,25,28,29,30,31,32,34,35,36,37,38,39,40} accuracy is 71.7%
        Using feature(s) {1,2,3,4,5,6,7,8,9,10,11,12,13,14,16,17,18,19,20,21,22,23,25,28,29,30,31,32,33,35,36,37,38,39,40} accuracy is 72.1%
        Using feature(s) {1,2,3,4,5,6,7,8,9,10,11,12,13,14,16,17,18,19,20,21,22,23,25,28,29,30,31,32,33,34,36,37,38,39,40} accuracy is 70.4%
        Using feature(s) {1,2,3,4,5,6,7,8,9,10,11,12,13,14,16,17,18,19,20,21,22,23,25,28,29,30,31,32,33,34,35,37,38,39,40} accuracy is 71.8%
        Using feature(s) {1,2,3,4,5,6,7,8,9,10,11,12,13,14,16,17,18,19,20,21,22,23,25,28,29,30,31,32,33,34,35,36,38,39,40} accuracy is 71.4%
        Using feature(s) {1,2,3,4,5,6,7,8,9,10,11,12,13,14,16,17,18,19,20,21,22,23,25,28,29,30,31,32,33,34,35,36,37,39,40} accuracy is 72.4%
        Using feature(s) {1,2,3,4,5,6,7,8,9,10,11,12,13,14,16,17,18,19,20,21,22,23,25,28,29,30,31,32,33,34,35,36,37,38,40} accuracy is 69.8%
        Using feature(s) {1,2,3,4,5,6,7,8,9,10,11,12,13,14,16,17,18,19,20,21,22,23,25,28,29,30,31,32,33,34,35,36,37,38,39} accuracy is 72.1%

Removing feature {38} from feature set was best, accuracy is 72.4%
        Using feature(s) {2,3,4,5,6,7,8,9,10,11,12,13,14,16,17,18,19,20,21,22,23,25,28,29,30,31,32,33,34,35,36,37,39,40} accuracy is 70.6%
        Using feature(s) {1,3,4,5,6,7,8,9,10,11,12,13,14,16,17,18,19,20,21,22,23,25,28,29,30,31,32,33,34,35,36,37,39,40} accuracy is 72%
        Using feature(s) {1,2,4,5,6,7,8,9,10,11,12,13,14,16,17,18,19,20,21,22,23,25,28,29,30,31,32,33,34,35,36,37,39,40} accuracy is 70.1%
        Using feature(s) {1,2,3,5,6,7,8,9,10,11,12,13,14,16,17,18,19,20,21,22,23,25,28,29,30,31,32,33,34,35,36,37,39,40} accuracy is 71.4%
        Using feature(s) {1,2,3,4,6,7,8,9,10,11,12,13,14,16,17,18,19,20,21,22,23,25,28,29,30,31,32,33,34,35,36,37,39,40} accuracy is 70.7%
        Using feature(s) {1,2,3,4,5,7,8,9,10,11,12,13,14,16,17,18,19,20,21,22,23,25,28,29,30,31,32,33,34,35,36,37,39,40} accuracy is 72.6%
        Using feature(s) {1,2,3,4,5,6,8,9,10,11,12,13,14,16,17,18,19,20,21,22,23,25,28,29,30,31,32,33,34,35,36,37,39,40} accuracy is 70.2%
        Using feature(s) {1,2,3,4,5,6,7,9,10,11,12,13,14,16,17,18,19,20,21,22,23,25,28,29,30,31,32,33,34,35,36,37,39,40} accuracy is 70.3%
        Using feature(s) {1,2,3,4,5,6,7,8,10,11,12,13,14,16,17,18,19,20,21,22,23,25,28,29,30,31,32,33,34,35,36,37,39,40} accuracy is 70.7%
        Using feature(s) {1,2,3,4,5,6,7,8,9,11,12,13,14,16,17,18,19,20,21,22,23,25,28,29,30,31,32,33,34,35,36,37,39,40} accuracy is 70.2%
        Using feature(s) {1,2,3,4,5,6,7,8,9,10,12,13,14,16,17,18,19,20,21,22,23,25,28,29,30,31,32,33,34,35,36,37,39,40} accuracy is 70.7%
        Using feature(s) {1,2,3,4,5,6,7,8,9,10,11,13,14,16,17,18,19,20,21,22,23,25,28,29,30,31,32,33,34,35,36,37,39,40} accuracy is 71.2%
        Using feature(s) {1,2,3,4,5,6,7,8,9,10,11,12,14,16,17,18,19,20,21,22,23,25,28,29,30,31,32,33,34,35,36,37,39,40} accuracy is 71.6%
        Using feature(s) {1,2,3,4,5,6,7,8,9,10,11,12,13,16,17,18,19,20,21,22,23,25,28,29,30,31,32,33,34,35,36,37,39,40} accuracy is 70.8%
        Using feature(s) {1,2,3,4,5,6,7,8,9,10,11,12,13,14,17,18,19,20,21,22,23,25,28,29,30,31,32,33,34,35,36,37,39,40} accuracy is 70.5%
        Using feature(s) {1,2,3,4,5,6,7,8,9,10,11,12,13,14,16,18,19,20,21,22,23,25,28,29,30,31,32,33,34,35,36,37,39,40} accuracy is 72.3%
        Using feature(s) {1,2,3,4,5,6,7,8,9,10,11,12,13,14,16,17,19,20,21,22,23,25,28,29,30,31,32,33,34,35,36,37,39,40} accuracy is 72.7%
        Using feature(s) {1,2,3,4,5,6,7,8,9,10,11,12,13,14,16,17,18,20,21,22,23,25,28,29,30,31,32,33,34,35,36,37,39,40} accuracy is 71%
        Using feature(s) {1,2,3,4,5,6,7,8,9,10,11,12,13,14,16,17,18,19,21,22,23,25,28,29,30,31,32,33,34,35,36,37,39,40} accuracy is 72.6%
        Using feature(s) {1,2,3,4,5,6,7,8,9,10,11,12,13,14,16,17,18,19,20,22,23,25,28,29,30,31,32,33,34,35,36,37,39,40} accuracy is 71.2%
        Using feature(s) {1,2,3,4,5,6,7,8,9,10,11,12,13,14,16,17,18,19,20,21,23,25,28,29,30,31,32,33,34,35,36,37,39,40} accuracy is 70.2%
        Using feature(s) {1,2,3,4,5,6,7,8,9,10,11,12,13,14,16,17,18,19,20,21,22,25,28,29,30,31,32,33,34,35,36,37,39,40} accuracy is 72.5%
        Using feature(s) {1,2,3,4,5,6,7,8,9,10,11,12,13,14,16,17,18,19,20,21,22,23,28,29,30,31,32,33,34,35,36,37,39,40} accuracy is 71.3%
        Using feature(s) {1,2,3,4,5,6,7,8,9,10,11,12,13,14,16,17,18,19,20,21,22,23,25,29,30,31,32,33,34,35,36,37,39,40} accuracy is 71.4%
        Using feature(s) {1,2,3,4,5,6,7,8,9,10,11,12,13,14,16,17,18,19,20,21,22,23,25,28,30,31,32,33,34,35,36,37,39,40} accuracy is 71.5%
        Using feature(s) {1,2,3,4,5,6,7,8,9,10,11,12,13,14,16,17,18,19,20,21,22,23,25,28,29,31,32,33,34,35,36,37,39,40} accuracy is 69.6%
        Using feature(s) {1,2,3,4,5,6,7,8,9,10,11,12,13,14,16,17,18,19,20,21,22,23,25,28,29,30,32,33,34,35,36,37,39,40} accuracy is 71.2%
        Using feature(s) {1,2,3,4,5,6,7,8,9,10,11,12,13,14,16,17,18,19,20,21,22,23,25,28,29,30,31,33,34,35,36,37,39,40} accuracy is 70.2%
        Using feature(s) {1,2,3,4,5,6,7,8,9,10,11,12,13,14,16,17,18,19,20,21,22,23,25,28,29,30,31,32,34,35,36,37,39,40} accuracy is 72.7%
        Using feature(s) {1,2,3,4,5,6,7,8,9,10,11,12,13,14,16,17,18,19,20,21,22,23,25,28,29,30,31,32,33,35,36,37,39,40} accuracy is 72.1%
        Using feature(s) {1,2,3,4,5,6,7,8,9,10,11,12,13,14,16,17,18,19,20,21,22,23,25,28,29,30,31,32,33,34,36,37,39,40} accuracy is 70.1%
        Using feature(s) {1,2,3,4,5,6,7,8,9,10,11,12,13,14,16,17,18,19,20,21,22,23,25,28,29,30,31,32,33,34,35,37,39,40} accuracy is 71.3%
        Using feature(s) {1,2,3,4,5,6,7,8,9,10,11,12,13,14,16,17,18,19,20,21,22,23,25,28,29,30,31,32,33,34,35,36,39,40} accuracy is 72.4%
        Using feature(s) {1,2,3,4,5,6,7,8,9,10,11,12,13,14,16,17,18,19,20,21,22,23,25,28,29,30,31,32,33,34,35,36,37,40} accuracy is 71.3%
        Using feature(s) {1,2,3,4,5,6,7,8,9,10,11,12,13,14,16,17,18,19,20,21,22,23,25,28,29,30,31,32,33,34,35,36,37,39} accuracy is 71.3%

Removing feature {18} from feature set was best, accuracy is 72.7%
        Using feature(s) {2,3,4,5,6,7,8,9,10,11,12,13,14,16,17,19,20,21,22,23,25,28,29,30,31,32,33,34,35,36,37,39,40} accuracy is 71.2%
        Using feature(s) {1,3,4,5,6,7,8,9,10,11,12,13,14,16,17,19,20,21,22,23,25,28,29,30,31,32,33,34,35,36,37,39,40} accuracy is 71%
        Using feature(s) {1,2,4,5,6,7,8,9,10,11,12,13,14,16,17,19,20,21,22,23,25,28,29,30,31,32,33,34,35,36,37,39,40} accuracy is 72.1%
        Using feature(s) {1,2,3,5,6,7,8,9,10,11,12,13,14,16,17,19,20,21,22,23,25,28,29,30,31,32,33,34,35,36,37,39,40} accuracy is 71.1%
        Using feature(s) {1,2,3,4,6,7,8,9,10,11,12,13,14,16,17,19,20,21,22,23,25,28,29,30,31,32,33,34,35,36,37,39,40} accuracy is 71%
        Using feature(s) {1,2,3,4,5,7,8,9,10,11,12,13,14,16,17,19,20,21,22,23,25,28,29,30,31,32,33,34,35,36,37,39,40} accuracy is 72.8%
        Using feature(s) {1,2,3,4,5,6,8,9,10,11,12,13,14,16,17,19,20,21,22,23,25,28,29,30,31,32,33,34,35,36,37,39,40} accuracy is 70.3%
        Using feature(s) {1,2,3,4,5,6,7,9,10,11,12,13,14,16,17,19,20,21,22,23,25,28,29,30,31,32,33,34,35,36,37,39,40} accuracy is 70.5%
        Using feature(s) {1,2,3,4,5,6,7,8,10,11,12,13,14,16,17,19,20,21,22,23,25,28,29,30,31,32,33,34,35,36,37,39,40} accuracy is 70.8%
        Using feature(s) {1,2,3,4,5,6,7,8,9,11,12,13,14,16,17,19,20,21,22,23,25,28,29,30,31,32,33,34,35,36,37,39,40} accuracy is 70.8%
        Using feature(s) {1,2,3,4,5,6,7,8,9,10,12,13,14,16,17,19,20,21,22,23,25,28,29,30,31,32,33,34,35,36,37,39,40} accuracy is 70.3%
        Using feature(s) {1,2,3,4,5,6,7,8,9,10,11,13,14,16,17,19,20,21,22,23,25,28,29,30,31,32,33,34,35,36,37,39,40} accuracy is 72%
        Using feature(s) {1,2,3,4,5,6,7,8,9,10,11,12,14,16,17,19,20,21,22,23,25,28,29,30,31,32,33,34,35,36,37,39,40} accuracy is 71.8%
        Using feature(s) {1,2,3,4,5,6,7,8,9,10,11,12,13,16,17,19,20,21,22,23,25,28,29,30,31,32,33,34,35,36,37,39,40} accuracy is 71.1%
        Using feature(s) {1,2,3,4,5,6,7,8,9,10,11,12,13,14,17,19,20,21,22,23,25,28,29,30,31,32,33,34,35,36,37,39,40} accuracy is 71%
        Using feature(s) {1,2,3,4,5,6,7,8,9,10,11,12,13,14,16,19,20,21,22,23,25,28,29,30,31,32,33,34,35,36,37,39,40} accuracy is 71.9%
        Using feature(s) {1,2,3,4,5,6,7,8,9,10,11,12,13,14,16,17,20,21,22,23,25,28,29,30,31,32,33,34,35,36,37,39,40} accuracy is 70.5%
        Using feature(s) {1,2,3,4,5,6,7,8,9,10,11,12,13,14,16,17,19,21,22,23,25,28,29,30,31,32,33,34,35,36,37,39,40} accuracy is 71.8%
        Using feature(s) {1,2,3,4,5,6,7,8,9,10,11,12,13,14,16,17,19,20,22,23,25,28,29,30,31,32,33,34,35,36,37,39,40} accuracy is 71.4%
        Using feature(s) {1,2,3,4,5,6,7,8,9,10,11,12,13,14,16,17,19,20,21,23,25,28,29,30,31,32,33,34,35,36,37,39,40} accuracy is 72.3%
        Using feature(s) {1,2,3,4,5,6,7,8,9,10,11,12,13,14,16,17,19,20,21,22,25,28,29,30,31,32,33,34,35,36,37,39,40} accuracy is 72.7%
        Using feature(s) {1,2,3,4,5,6,7,8,9,10,11,12,13,14,16,17,19,20,21,22,23,28,29,30,31,32,33,34,35,36,37,39,40} accuracy is 71.5%
        Using feature(s) {1,2,3,4,5,6,7,8,9,10,11,12,13,14,16,17,19,20,21,22,23,25,29,30,31,32,33,34,35,36,37,39,40} accuracy is 72.6%
        Using feature(s) {1,2,3,4,5,6,7,8,9,10,11,12,13,14,16,17,19,20,21,22,23,25,28,30,31,32,33,34,35,36,37,39,40} accuracy is 72.3%
        Using feature(s) {1,2,3,4,5,6,7,8,9,10,11,12,13,14,16,17,19,20,21,22,23,25,28,29,31,32,33,34,35,36,37,39,40} accuracy is 70.6%
        Using feature(s) {1,2,3,4,5,6,7,8,9,10,11,12,13,14,16,17,19,20,21,22,23,25,28,29,30,32,33,34,35,36,37,39,40} accuracy is 71.7%
        Using feature(s) {1,2,3,4,5,6,7,8,9,10,11,12,13,14,16,17,19,20,21,22,23,25,28,29,30,31,33,34,35,36,37,39,40} accuracy is 69.7%
        Using feature(s) {1,2,3,4,5,6,7,8,9,10,11,12,13,14,16,17,19,20,21,22,23,25,28,29,30,31,32,34,35,36,37,39,40} accuracy is 72.2%
        Using feature(s) {1,2,3,4,5,6,7,8,9,10,11,12,13,14,16,17,19,20,21,22,23,25,28,29,30,31,32,33,35,36,37,39,40} accuracy is 73.3%
        Using feature(s) {1,2,3,4,5,6,7,8,9,10,11,12,13,14,16,17,19,20,21,22,23,25,28,29,30,31,32,33,34,36,37,39,40} accuracy is 72.1%
        Using feature(s) {1,2,3,4,5,6,7,8,9,10,11,12,13,14,16,17,19,20,21,22,23,25,28,29,30,31,32,33,34,35,37,39,40} accuracy is 72.4%
        Using feature(s) {1,2,3,4,5,6,7,8,9,10,11,12,13,14,16,17,19,20,21,22,23,25,28,29,30,31,32,33,34,35,36,39,40} accuracy is 72.7%
        Using feature(s) {1,2,3,4,5,6,7,8,9,10,11,12,13,14,16,17,19,20,21,22,23,25,28,29,30,31,32,33,34,35,36,37,40} accuracy is 71.6%
        Using feature(s) {1,2,3,4,5,6,7,8,9,10,11,12,13,14,16,17,19,20,21,22,23,25,28,29,30,31,32,33,34,35,36,37,39} accuracy is 71.7%

Removing feature {34} from feature set was best, accuracy is 73.3%
        Using feature(s) {2,3,4,5,6,7,8,9,10,11,12,13,14,16,17,19,20,21,22,23,25,28,29,30,31,32,33,35,36,37,39,40} accuracy is 71.8%
        Using feature(s) {1,3,4,5,6,7,8,9,10,11,12,13,14,16,17,19,20,21,22,23,25,28,29,30,31,32,33,35,36,37,39,40} accuracy is 72.4%
        Using feature(s) {1,2,4,5,6,7,8,9,10,11,12,13,14,16,17,19,20,21,22,23,25,28,29,30,31,32,33,35,36,37,39,40} accuracy is 71.8%
        Using feature(s) {1,2,3,5,6,7,8,9,10,11,12,13,14,16,17,19,20,21,22,23,25,28,29,30,31,32,33,35,36,37,39,40} accuracy is 71%
        Using feature(s) {1,2,3,4,6,7,8,9,10,11,12,13,14,16,17,19,20,21,22,23,25,28,29,30,31,32,33,35,36,37,39,40} accuracy is 72.5%
        Using feature(s) {1,2,3,4,5,7,8,9,10,11,12,13,14,16,17,19,20,21,22,23,25,28,29,30,31,32,33,35,36,37,39,40} accuracy is 73.1%
        Using feature(s) {1,2,3,4,5,6,8,9,10,11,12,13,14,16,17,19,20,21,22,23,25,28,29,30,31,32,33,35,36,37,39,40} accuracy is 71.2%
        Using feature(s) {1,2,3,4,5,6,7,9,10,11,12,13,14,16,17,19,20,21,22,23,25,28,29,30,31,32,33,35,36,37,39,40} accuracy is 71.5%
        Using feature(s) {1,2,3,4,5,6,7,8,10,11,12,13,14,16,17,19,20,21,22,23,25,28,29,30,31,32,33,35,36,37,39,40} accuracy is 72.1%
        Using feature(s) {1,2,3,4,5,6,7,8,9,11,12,13,14,16,17,19,20,21,22,23,25,28,29,30,31,32,33,35,36,37,39,40} accuracy is 71.7%
        Using feature(s) {1,2,3,4,5,6,7,8,9,10,12,13,14,16,17,19,20,21,22,23,25,28,29,30,31,32,33,35,36,37,39,40} accuracy is 71.6%
        Using feature(s) {1,2,3,4,5,6,7,8,9,10,11,13,14,16,17,19,20,21,22,23,25,28,29,30,31,32,33,35,36,37,39,40} accuracy is 71.7%
        Using feature(s) {1,2,3,4,5,6,7,8,9,10,11,12,14,16,17,19,20,21,22,23,25,28,29,30,31,32,33,35,36,37,39,40} accuracy is 72.7%
        Using feature(s) {1,2,3,4,5,6,7,8,9,10,11,12,13,16,17,19,20,21,22,23,25,28,29,30,31,32,33,35,36,37,39,40} accuracy is 72.3%
        Using feature(s) {1,2,3,4,5,6,7,8,9,10,11,12,13,14,17,19,20,21,22,23,25,28,29,30,31,32,33,35,36,37,39,40} accuracy is 71.2%
        Using feature(s) {1,2,3,4,5,6,7,8,9,10,11,12,13,14,16,19,20,21,22,23,25,28,29,30,31,32,33,35,36,37,39,40} accuracy is 71.5%
        Using feature(s) {1,2,3,4,5,6,7,8,9,10,11,12,13,14,16,17,20,21,22,23,25,28,29,30,31,32,33,35,36,37,39,40} accuracy is 70.8%
        Using feature(s) {1,2,3,4,5,6,7,8,9,10,11,12,13,14,16,17,19,21,22,23,25,28,29,30,31,32,33,35,36,37,39,40} accuracy is 72.5%
        Using feature(s) {1,2,3,4,5,6,7,8,9,10,11,12,13,14,16,17,19,20,22,23,25,28,29,30,31,32,33,35,36,37,39,40} accuracy is 72.4%
        Using feature(s) {1,2,3,4,5,6,7,8,9,10,11,12,13,14,16,17,19,20,21,23,25,28,29,30,31,32,33,35,36,37,39,40} accuracy is 71.4%
        Using feature(s) {1,2,3,4,5,6,7,8,9,10,11,12,13,14,16,17,19,20,21,22,25,28,29,30,31,32,33,35,36,37,39,40} accuracy is 72%
        Using feature(s) {1,2,3,4,5,6,7,8,9,10,11,12,13,14,16,17,19,20,21,22,23,28,29,30,31,32,33,35,36,37,39,40} accuracy is 73%
        Using feature(s) {1,2,3,4,5,6,7,8,9,10,11,12,13,14,16,17,19,20,21,22,23,25,29,30,31,32,33,35,36,37,39,40} accuracy is 72.5%
        Using feature(s) {1,2,3,4,5,6,7,8,9,10,11,12,13,14,16,17,19,20,21,22,23,25,28,30,31,32,33,35,36,37,39,40} accuracy is 72.1%
        Using feature(s) {1,2,3,4,5,6,7,8,9,10,11,12,13,14,16,17,19,20,21,22,23,25,28,29,31,32,33,35,36,37,39,40} accuracy is 71%
        Using feature(s) {1,2,3,4,5,6,7,8,9,10,11,12,13,14,16,17,19,20,21,22,23,25,28,29,30,32,33,35,36,37,39,40} accuracy is 72.8%
        Using feature(s) {1,2,3,4,5,6,7,8,9,10,11,12,13,14,16,17,19,20,21,22,23,25,28,29,30,31,33,35,36,37,39,40} accuracy is 70.9%
        Using feature(s) {1,2,3,4,5,6,7,8,9,10,11,12,13,14,16,17,19,20,21,22,23,25,28,29,30,31,32,35,36,37,39,40} accuracy is 73.1%
        Using feature(s) {1,2,3,4,5,6,7,8,9,10,11,12,13,14,16,17,19,20,21,22,23,25,28,29,30,31,32,33,36,37,39,40} accuracy is 72.8%
        Using feature(s) {1,2,3,4,5,6,7,8,9,10,11,12,13,14,16,17,19,20,21,22,23,25,28,29,30,31,32,33,35,37,39,40} accuracy is 73%
        Using feature(s) {1,2,3,4,5,6,7,8,9,10,11,12,13,14,16,17,19,20,21,22,23,25,28,29,30,31,32,33,35,36,39,40} accuracy is 73.8%
        Using feature(s) {1,2,3,4,5,6,7,8,9,10,11,12,13,14,16,17,19,20,21,22,23,25,28,29,30,31,32,33,35,36,37,40} accuracy is 72.7%
        Using feature(s) {1,2,3,4,5,6,7,8,9,10,11,12,13,14,16,17,19,20,21,22,23,25,28,29,30,31,32,33,35,36,37,39} accuracy is 72.4%

Removing feature {37} from feature set was best, accuracy is 73.8%
        Using feature(s) {2,3,4,5,6,7,8,9,10,11,12,13,14,16,17,19,20,21,22,23,25,28,29,30,31,32,33,35,36,39,40} accuracy is 72%
        Using feature(s) {1,3,4,5,6,7,8,9,10,11,12,13,14,16,17,19,20,21,22,23,25,28,29,30,31,32,33,35,36,39,40} accuracy is 72.8%
        Using feature(s) {1,2,4,5,6,7,8,9,10,11,12,13,14,16,17,19,20,21,22,23,25,28,29,30,31,32,33,35,36,39,40} accuracy is 72.3%
        Using feature(s) {1,2,3,5,6,7,8,9,10,11,12,13,14,16,17,19,20,21,22,23,25,28,29,30,31,32,33,35,36,39,40} accuracy is 71.2%
        Using feature(s) {1,2,3,4,6,7,8,9,10,11,12,13,14,16,17,19,20,21,22,23,25,28,29,30,31,32,33,35,36,39,40} accuracy is 72.5%
        Using feature(s) {1,2,3,4,5,7,8,9,10,11,12,13,14,16,17,19,20,21,22,23,25,28,29,30,31,32,33,35,36,39,40} accuracy is 72.9%
        Using feature(s) {1,2,3,4,5,6,8,9,10,11,12,13,14,16,17,19,20,21,22,23,25,28,29,30,31,32,33,35,36,39,40} accuracy is 71.4%
        Using feature(s) {1,2,3,4,5,6,7,9,10,11,12,13,14,16,17,19,20,21,22,23,25,28,29,30,31,32,33,35,36,39,40} accuracy is 72%
        Using feature(s) {1,2,3,4,5,6,7,8,10,11,12,13,14,16,17,19,20,21,22,23,25,28,29,30,31,32,33,35,36,39,40} accuracy is 73.4%
        Using feature(s) {1,2,3,4,5,6,7,8,9,11,12,13,14,16,17,19,20,21,22,23,25,28,29,30,31,32,33,35,36,39,40} accuracy is 73.1%
        Using feature(s) {1,2,3,4,5,6,7,8,9,10,12,13,14,16,17,19,20,21,22,23,25,28,29,30,31,32,33,35,36,39,40} accuracy is 72.6%
        Using feature(s) {1,2,3,4,5,6,7,8,9,10,11,13,14,16,17,19,20,21,22,23,25,28,29,30,31,32,33,35,36,39,40} accuracy is 72.5%
        Using feature(s) {1,2,3,4,5,6,7,8,9,10,11,12,14,16,17,19,20,21,22,23,25,28,29,30,31,32,33,35,36,39,40} accuracy is 73.7%
        Using feature(s) {1,2,3,4,5,6,7,8,9,10,11,12,13,16,17,19,20,21,22,23,25,28,29,30,31,32,33,35,36,39,40} accuracy is 71.9%
        Using feature(s) {1,2,3,4,5,6,7,8,9,10,11,12,13,14,17,19,20,21,22,23,25,28,29,30,31,32,33,35,36,39,40} accuracy is 72%
        Using feature(s) {1,2,3,4,5,6,7,8,9,10,11,12,13,14,16,19,20,21,22,23,25,28,29,30,31,32,33,35,36,39,40} accuracy is 71.4%
        Using feature(s) {1,2,3,4,5,6,7,8,9,10,11,12,13,14,16,17,20,21,22,23,25,28,29,30,31,32,33,35,36,39,40} accuracy is 71.6%
        Using feature(s) {1,2,3,4,5,6,7,8,9,10,11,12,13,14,16,17,19,21,22,23,25,28,29,30,31,32,33,35,36,39,40} accuracy is 72.9%
        Using feature(s) {1,2,3,4,5,6,7,8,9,10,11,12,13,14,16,17,19,20,22,23,25,28,29,30,31,32,33,35,36,39,40} accuracy is 72.9%
        Using feature(s) {1,2,3,4,5,6,7,8,9,10,11,12,13,14,16,17,19,20,21,23,25,28,29,30,31,32,33,35,36,39,40} accuracy is 72.1%
        Using feature(s) {1,2,3,4,5,6,7,8,9,10,11,12,13,14,16,17,19,20,21,22,25,28,29,30,31,32,33,35,36,39,40} accuracy is 73.3%
        Using feature(s) {1,2,3,4,5,6,7,8,9,10,11,12,13,14,16,17,19,20,21,22,23,28,29,30,31,32,33,35,36,39,40} accuracy is 72.7%
        Using feature(s) {1,2,3,4,5,6,7,8,9,10,11,12,13,14,16,17,19,20,21,22,23,25,29,30,31,32,33,35,36,39,40} accuracy is 72.9%
        Using feature(s) {1,2,3,4,5,6,7,8,9,10,11,12,13,14,16,17,19,20,21,22,23,25,28,30,31,32,33,35,36,39,40} accuracy is 72.9%
        Using feature(s) {1,2,3,4,5,6,7,8,9,10,11,12,13,14,16,17,19,20,21,22,23,25,28,29,31,32,33,35,36,39,40} accuracy is 71.6%
        Using feature(s) {1,2,3,4,5,6,7,8,9,10,11,12,13,14,16,17,19,20,21,22,23,25,28,29,30,32,33,35,36,39,40} accuracy is 72.9%
        Using feature(s) {1,2,3,4,5,6,7,8,9,10,11,12,13,14,16,17,19,20,21,22,23,25,28,29,30,31,33,35,36,39,40} accuracy is 72.1%
        Using feature(s) {1,2,3,4,5,6,7,8,9,10,11,12,13,14,16,17,19,20,21,22,23,25,28,29,30,31,32,35,36,39,40} accuracy is 73.1%
        Using feature(s) {1,2,3,4,5,6,7,8,9,10,11,12,13,14,16,17,19,20,21,22,23,25,28,29,30,31,32,33,36,39,40} accuracy is 73.5%
        Using feature(s) {1,2,3,4,5,6,7,8,9,10,11,12,13,14,16,17,19,20,21,22,23,25,28,29,30,31,32,33,35,39,40} accuracy is 73.1%
        Using feature(s) {1,2,3,4,5,6,7,8,9,10,11,12,13,14,16,17,19,20,21,22,23,25,28,29,30,31,32,33,35,36,40} accuracy is 72.3%
        Using feature(s) {1,2,3,4,5,6,7,8,9,10,11,12,13,14,16,17,19,20,21,22,23,25,28,29,30,31,32,33,35,36,39} accuracy is 73.7%

Removing feature {13} from feature set was best, accuracy is 73.7%
(Warning, accuracy has decreased! Continuing search in case of local maxima)
        Using feature(s) {2,3,4,5,6,7,8,9,10,11,12,14,16,17,19,20,21,22,23,25,28,29,30,31,32,33,35,36,39,40} accuracy is 73.2%
        Using feature(s) {1,3,4,5,6,7,8,9,10,11,12,14,16,17,19,20,21,22,23,25,28,29,30,31,32,33,35,36,39,40} accuracy is 73.5%
        Using feature(s) {1,2,4,5,6,7,8,9,10,11,12,14,16,17,19,20,21,22,23,25,28,29,30,31,32,33,35,36,39,40} accuracy is 73.1%
        Using feature(s) {1,2,3,5,6,7,8,9,10,11,12,14,16,17,19,20,21,22,23,25,28,29,30,31,32,33,35,36,39,40} accuracy is 72.2%
        Using feature(s) {1,2,3,4,6,7,8,9,10,11,12,14,16,17,19,20,21,22,23,25,28,29,30,31,32,33,35,36,39,40} accuracy is 73%
        Using feature(s) {1,2,3,4,5,7,8,9,10,11,12,14,16,17,19,20,21,22,23,25,28,29,30,31,32,33,35,36,39,40} accuracy is 72.8%
        Using feature(s) {1,2,3,4,5,6,8,9,10,11,12,14,16,17,19,20,21,22,23,25,28,29,30,31,32,33,35,36,39,40} accuracy is 73.2%
        Using feature(s) {1,2,3,4,5,6,7,9,10,11,12,14,16,17,19,20,21,22,23,25,28,29,30,31,32,33,35,36,39,40} accuracy is 73%
        Using feature(s) {1,2,3,4,5,6,7,8,10,11,12,14,16,17,19,20,21,22,23,25,28,29,30,31,32,33,35,36,39,40} accuracy is 73.5%
        Using feature(s) {1,2,3,4,5,6,7,8,9,11,12,14,16,17,19,20,21,22,23,25,28,29,30,31,32,33,35,36,39,40} accuracy is 73.2%
        Using feature(s) {1,2,3,4,5,6,7,8,9,10,12,14,16,17,19,20,21,22,23,25,28,29,30,31,32,33,35,36,39,40} accuracy is 72.5%
        Using feature(s) {1,2,3,4,5,6,7,8,9,10,11,14,16,17,19,20,21,22,23,25,28,29,30,31,32,33,35,36,39,40} accuracy is 73%
        Using feature(s) {1,2,3,4,5,6,7,8,9,10,11,12,16,17,19,20,21,22,23,25,28,29,30,31,32,33,35,36,39,40} accuracy is 72.7%
        Using feature(s) {1,2,3,4,5,6,7,8,9,10,11,12,14,17,19,20,21,22,23,25,28,29,30,31,32,33,35,36,39,40} accuracy is 70.6%
        Using feature(s) {1,2,3,4,5,6,7,8,9,10,11,12,14,16,19,20,21,22,23,25,28,29,30,31,32,33,35,36,39,40} accuracy is 71.8%
        Using feature(s) {1,2,3,4,5,6,7,8,9,10,11,12,14,16,17,20,21,22,23,25,28,29,30,31,32,33,35,36,39,40} accuracy is 72.7%
        Using feature(s) {1,2,3,4,5,6,7,8,9,10,11,12,14,16,17,19,21,22,23,25,28,29,30,31,32,33,35,36,39,40} accuracy is 74%
        Using feature(s) {1,2,3,4,5,6,7,8,9,10,11,12,14,16,17,19,20,22,23,25,28,29,30,31,32,33,35,36,39,40} accuracy is 72.9%
        Using feature(s) {1,2,3,4,5,6,7,8,9,10,11,12,14,16,17,19,20,21,23,25,28,29,30,31,32,33,35,36,39,40} accuracy is 73.2%
        Using feature(s) {1,2,3,4,5,6,7,8,9,10,11,12,14,16,17,19,20,21,22,25,28,29,30,31,32,33,35,36,39,40} accuracy is 73.8%
        Using feature(s) {1,2,3,4,5,6,7,8,9,10,11,12,14,16,17,19,20,21,22,23,28,29,30,31,32,33,35,36,39,40} accuracy is 73.8%
        Using feature(s) {1,2,3,4,5,6,7,8,9,10,11,12,14,16,17,19,20,21,22,23,25,29,30,31,32,33,35,36,39,40} accuracy is 72.9%
        Using feature(s) {1,2,3,4,5,6,7,8,9,10,11,12,14,16,17,19,20,21,22,23,25,28,30,31,32,33,35,36,39,40} accuracy is 72.5%
        Using feature(s) {1,2,3,4,5,6,7,8,9,10,11,12,14,16,17,19,20,21,22,23,25,28,29,31,32,33,35,36,39,40} accuracy is 73.3%
        Using feature(s) {1,2,3,4,5,6,7,8,9,10,11,12,14,16,17,19,20,21,22,23,25,28,29,30,32,33,35,36,39,40} accuracy is 73.3%
        Using feature(s) {1,2,3,4,5,6,7,8,9,10,11,12,14,16,17,19,20,21,22,23,25,28,29,30,31,33,35,36,39,40} accuracy is 71.9%
        Using feature(s) {1,2,3,4,5,6,7,8,9,10,11,12,14,16,17,19,20,21,22,23,25,28,29,30,31,32,35,36,39,40} accuracy is 73.6%
        Using feature(s) {1,2,3,4,5,6,7,8,9,10,11,12,14,16,17,19,20,21,22,23,25,28,29,30,31,32,33,36,39,40} accuracy is 73.8%
        Using feature(s) {1,2,3,4,5,6,7,8,9,10,11,12,14,16,17,19,20,21,22,23,25,28,29,30,31,32,33,35,39,40} accuracy is 71.8%
        Using feature(s) {1,2,3,4,5,6,7,8,9,10,11,12,14,16,17,19,20,21,22,23,25,28,29,30,31,32,33,35,36,40} accuracy is 73.1%
        Using feature(s) {1,2,3,4,5,6,7,8,9,10,11,12,14,16,17,19,20,21,22,23,25,28,29,30,31,32,33,35,36,39} accuracy is 72.8%

Removing feature {20} from feature set was best, accuracy is 74%
        Using feature(s) {2,3,4,5,6,7,8,9,10,11,12,14,16,17,19,21,22,23,25,28,29,30,31,32,33,35,36,39,40} accuracy is 73.2%
        Using feature(s) {1,3,4,5,6,7,8,9,10,11,12,14,16,17,19,21,22,23,25,28,29,30,31,32,33,35,36,39,40} accuracy is 72.2%
        Using feature(s) {1,2,4,5,6,7,8,9,10,11,12,14,16,17,19,21,22,23,25,28,29,30,31,32,33,35,36,39,40} accuracy is 73.6%
        Using feature(s) {1,2,3,5,6,7,8,9,10,11,12,14,16,17,19,21,22,23,25,28,29,30,31,32,33,35,36,39,40} accuracy is 74%
        Using feature(s) {1,2,3,4,6,7,8,9,10,11,12,14,16,17,19,21,22,23,25,28,29,30,31,32,33,35,36,39,40} accuracy is 73.6%
        Using feature(s) {1,2,3,4,5,7,8,9,10,11,12,14,16,17,19,21,22,23,25,28,29,30,31,32,33,35,36,39,40} accuracy is 70.8%
        Using feature(s) {1,2,3,4,5,6,8,9,10,11,12,14,16,17,19,21,22,23,25,28,29,30,31,32,33,35,36,39,40} accuracy is 73.3%
        Using feature(s) {1,2,3,4,5,6,7,9,10,11,12,14,16,17,19,21,22,23,25,28,29,30,31,32,33,35,36,39,40} accuracy is 72.6%
        Using feature(s) {1,2,3,4,5,6,7,8,10,11,12,14,16,17,19,21,22,23,25,28,29,30,31,32,33,35,36,39,40} accuracy is 73.5%
        Using feature(s) {1,2,3,4,5,6,7,8,9,11,12,14,16,17,19,21,22,23,25,28,29,30,31,32,33,35,36,39,40} accuracy is 73%
        Using feature(s) {1,2,3,4,5,6,7,8,9,10,12,14,16,17,19,21,22,23,25,28,29,30,31,32,33,35,36,39,40} accuracy is 73.2%
        Using feature(s) {1,2,3,4,5,6,7,8,9,10,11,14,16,17,19,21,22,23,25,28,29,30,31,32,33,35,36,39,40} accuracy is 74.1%
        Using feature(s) {1,2,3,4,5,6,7,8,9,10,11,12,16,17,19,21,22,23,25,28,29,30,31,32,33,35,36,39,40} accuracy is 73%
        Using feature(s) {1,2,3,4,5,6,7,8,9,10,11,12,14,17,19,21,22,23,25,28,29,30,31,32,33,35,36,39,40} accuracy is 72.9%
        Using feature(s) {1,2,3,4,5,6,7,8,9,10,11,12,14,16,19,21,22,23,25,28,29,30,31,32,33,35,36,39,40} accuracy is 73.6%
        Using feature(s) {1,2,3,4,5,6,7,8,9,10,11,12,14,16,17,21,22,23,25,28,29,30,31,32,33,35,36,39,40} accuracy is 72.9%
        Using feature(s) {1,2,3,4,5,6,7,8,9,10,11,12,14,16,17,19,22,23,25,28,29,30,31,32,33,35,36,39,40} accuracy is 74.1%
        Using feature(s) {1,2,3,4,5,6,7,8,9,10,11,12,14,16,17,19,21,23,25,28,29,30,31,32,33,35,36,39,40} accuracy is 73.5%
        Using feature(s) {1,2,3,4,5,6,7,8,9,10,11,12,14,16,17,19,21,22,25,28,29,30,31,32,33,35,36,39,40} accuracy is 74.9%
        Using feature(s) {1,2,3,4,5,6,7,8,9,10,11,12,14,16,17,19,21,22,23,28,29,30,31,32,33,35,36,39,40} accuracy is 73.4%
        Using feature(s) {1,2,3,4,5,6,7,8,9,10,11,12,14,16,17,19,21,22,23,25,29,30,31,32,33,35,36,39,40} accuracy is 72.8%
        Using feature(s) {1,2,3,4,5,6,7,8,9,10,11,12,14,16,17,19,21,22,23,25,28,30,31,32,33,35,36,39,40} accuracy is 73.4%
        Using feature(s) {1,2,3,4,5,6,7,8,9,10,11,12,14,16,17,19,21,22,23,25,28,29,31,32,33,35,36,39,40} accuracy is 73.5%
        Using feature(s) {1,2,3,4,5,6,7,8,9,10,11,12,14,16,17,19,21,22,23,25,28,29,30,32,33,35,36,39,40} accuracy is 73.2%
        Using feature(s) {1,2,3,4,5,6,7,8,9,10,11,12,14,16,17,19,21,22,23,25,28,29,30,31,33,35,36,39,40} accuracy is 72.7%
        Using feature(s) {1,2,3,4,5,6,7,8,9,10,11,12,14,16,17,19,21,22,23,25,28,29,30,31,32,35,36,39,40} accuracy is 74.2%
        Using feature(s) {1,2,3,4,5,6,7,8,9,10,11,12,14,16,17,19,21,22,23,25,28,29,30,31,32,33,36,39,40} accuracy is 73.6%
        Using feature(s) {1,2,3,4,5,6,7,8,9,10,11,12,14,16,17,19,21,22,23,25,28,29,30,31,32,33,35,39,40} accuracy is 71.9%
        Using feature(s) {1,2,3,4,5,6,7,8,9,10,11,12,14,16,17,19,21,22,23,25,28,29,30,31,32,33,35,36,40} accuracy is 72.8%
        Using feature(s) {1,2,3,4,5,6,7,8,9,10,11,12,14,16,17,19,21,22,23,25,28,29,30,31,32,33,35,36,39} accuracy is 72.7%

Removing feature {23} from feature set was best, accuracy is 74.9%
        Using feature(s) {2,3,4,5,6,7,8,9,10,11,12,14,16,17,19,21,22,25,28,29,30,31,32,33,35,36,39,40} accuracy is 74.1%
        Using feature(s) {1,3,4,5,6,7,8,9,10,11,12,14,16,17,19,21,22,25,28,29,30,31,32,33,35,36,39,40} accuracy is 73.9%
        Using feature(s) {1,2,4,5,6,7,8,9,10,11,12,14,16,17,19,21,22,25,28,29,30,31,32,33,35,36,39,40} accuracy is 74.9%
        Using feature(s) {1,2,3,5,6,7,8,9,10,11,12,14,16,17,19,21,22,25,28,29,30,31,32,33,35,36,39,40} accuracy is 73.7%
        Using feature(s) {1,2,3,4,6,7,8,9,10,11,12,14,16,17,19,21,22,25,28,29,30,31,32,33,35,36,39,40} accuracy is 74.1%
        Using feature(s) {1,2,3,4,5,7,8,9,10,11,12,14,16,17,19,21,22,25,28,29,30,31,32,33,35,36,39,40} accuracy is 72.9%
        Using feature(s) {1,2,3,4,5,6,8,9,10,11,12,14,16,17,19,21,22,25,28,29,30,31,32,33,35,36,39,40} accuracy is 73.3%
        Using feature(s) {1,2,3,4,5,6,7,9,10,11,12,14,16,17,19,21,22,25,28,29,30,31,32,33,35,36,39,40} accuracy is 73.5%
        Using feature(s) {1,2,3,4,5,6,7,8,10,11,12,14,16,17,19,21,22,25,28,29,30,31,32,33,35,36,39,40} accuracy is 73.6%
        Using feature(s) {1,2,3,4,5,6,7,8,9,11,12,14,16,17,19,21,22,25,28,29,30,31,32,33,35,36,39,40} accuracy is 74.6%
        Using feature(s) {1,2,3,4,5,6,7,8,9,10,12,14,16,17,19,21,22,25,28,29,30,31,32,33,35,36,39,40} accuracy is 74%
        Using feature(s) {1,2,3,4,5,6,7,8,9,10,11,14,16,17,19,21,22,25,28,29,30,31,32,33,35,36,39,40} accuracy is 74.1%
        Using feature(s) {1,2,3,4,5,6,7,8,9,10,11,12,16,17,19,21,22,25,28,29,30,31,32,33,35,36,39,40} accuracy is 73.8%
        Using feature(s) {1,2,3,4,5,6,7,8,9,10,11,12,14,17,19,21,22,25,28,29,30,31,32,33,35,36,39,40} accuracy is 73.2%
        Using feature(s) {1,2,3,4,5,6,7,8,9,10,11,12,14,16,19,21,22,25,28,29,30,31,32,33,35,36,39,40} accuracy is 74.3%
        Using feature(s) {1,2,3,4,5,6,7,8,9,10,11,12,14,16,17,21,22,25,28,29,30,31,32,33,35,36,39,40} accuracy is 73.5%
        Using feature(s) {1,2,3,4,5,6,7,8,9,10,11,12,14,16,17,19,22,25,28,29,30,31,32,33,35,36,39,40} accuracy is 74.4%
        Using feature(s) {1,2,3,4,5,6,7,8,9,10,11,12,14,16,17,19,21,25,28,29,30,31,32,33,35,36,39,40} accuracy is 73.3%
        Using feature(s) {1,2,3,4,5,6,7,8,9,10,11,12,14,16,17,19,21,22,28,29,30,31,32,33,35,36,39,40} accuracy is 74.7%
        Using feature(s) {1,2,3,4,5,6,7,8,9,10,11,12,14,16,17,19,21,22,25,29,30,31,32,33,35,36,39,40} accuracy is 73%
        Using feature(s) {1,2,3,4,5,6,7,8,9,10,11,12,14,16,17,19,21,22,25,28,30,31,32,33,35,36,39,40} accuracy is 75.3%
        Using feature(s) {1,2,3,4,5,6,7,8,9,10,11,12,14,16,17,19,21,22,25,28,29,31,32,33,35,36,39,40} accuracy is 74%
        Using feature(s) {1,2,3,4,5,6,7,8,9,10,11,12,14,16,17,19,21,22,25,28,29,30,32,33,35,36,39,40} accuracy is 73%
        Using feature(s) {1,2,3,4,5,6,7,8,9,10,11,12,14,16,17,19,21,22,25,28,29,30,31,33,35,36,39,40} accuracy is 73.8%
        Using feature(s) {1,2,3,4,5,6,7,8,9,10,11,12,14,16,17,19,21,22,25,28,29,30,31,32,35,36,39,40} accuracy is 74.6%
        Using feature(s) {1,2,3,4,5,6,7,8,9,10,11,12,14,16,17,19,21,22,25,28,29,30,31,32,33,36,39,40} accuracy is 74.3%
        Using feature(s) {1,2,3,4,5,6,7,8,9,10,11,12,14,16,17,19,21,22,25,28,29,30,31,32,33,35,39,40} accuracy is 73.3%
        Using feature(s) {1,2,3,4,5,6,7,8,9,10,11,12,14,16,17,19,21,22,25,28,29,30,31,32,33,35,36,40} accuracy is 74.2%
        Using feature(s) {1,2,3,4,5,6,7,8,9,10,11,12,14,16,17,19,21,22,25,28,29,30,31,32,33,35,36,39} accuracy is 73.9%

Removing feature {29} from feature set was best, accuracy is 75.3%
        Using feature(s) {2,3,4,5,6,7,8,9,10,11,12,14,16,17,19,21,22,25,28,30,31,32,33,35,36,39,40} accuracy is 74.8%
        Using feature(s) {1,3,4,5,6,7,8,9,10,11,12,14,16,17,19,21,22,25,28,30,31,32,33,35,36,39,40} accuracy is 73.9%
        Using feature(s) {1,2,4,5,6,7,8,9,10,11,12,14,16,17,19,21,22,25,28,30,31,32,33,35,36,39,40} accuracy is 73.6%
        Using feature(s) {1,2,3,5,6,7,8,9,10,11,12,14,16,17,19,21,22,25,28,30,31,32,33,35,36,39,40} accuracy is 74.6%
        Using feature(s) {1,2,3,4,6,7,8,9,10,11,12,14,16,17,19,21,22,25,28,30,31,32,33,35,36,39,40} accuracy is 73.9%
        Using feature(s) {1,2,3,4,5,7,8,9,10,11,12,14,16,17,19,21,22,25,28,30,31,32,33,35,36,39,40} accuracy is 74.7%
        Using feature(s) {1,2,3,4,5,6,8,9,10,11,12,14,16,17,19,21,22,25,28,30,31,32,33,35,36,39,40} accuracy is 73.2%
        Using feature(s) {1,2,3,4,5,6,7,9,10,11,12,14,16,17,19,21,22,25,28,30,31,32,33,35,36,39,40} accuracy is 73.6%
        Using feature(s) {1,2,3,4,5,6,7,8,10,11,12,14,16,17,19,21,22,25,28,30,31,32,33,35,36,39,40} accuracy is 74.7%
        Using feature(s) {1,2,3,4,5,6,7,8,9,11,12,14,16,17,19,21,22,25,28,30,31,32,33,35,36,39,40} accuracy is 74.9%
        Using feature(s) {1,2,3,4,5,6,7,8,9,10,12,14,16,17,19,21,22,25,28,30,31,32,33,35,36,39,40} accuracy is 74.9%
        Using feature(s) {1,2,3,4,5,6,7,8,9,10,11,14,16,17,19,21,22,25,28,30,31,32,33,35,36,39,40} accuracy is 74.7%
        Using feature(s) {1,2,3,4,5,6,7,8,9,10,11,12,16,17,19,21,22,25,28,30,31,32,33,35,36,39,40} accuracy is 74.4%
        Using feature(s) {1,2,3,4,5,6,7,8,9,10,11,12,14,17,19,21,22,25,28,30,31,32,33,35,36,39,40} accuracy is 73.4%
        Using feature(s) {1,2,3,4,5,6,7,8,9,10,11,12,14,16,19,21,22,25,28,30,31,32,33,35,36,39,40} accuracy is 73.3%
        Using feature(s) {1,2,3,4,5,6,7,8,9,10,11,12,14,16,17,21,22,25,28,30,31,32,33,35,36,39,40} accuracy is 75%
        Using feature(s) {1,2,3,4,5,6,7,8,9,10,11,12,14,16,17,19,22,25,28,30,31,32,33,35,36,39,40} accuracy is 73.7%
        Using feature(s) {1,2,3,4,5,6,7,8,9,10,11,12,14,16,17,19,21,25,28,30,31,32,33,35,36,39,40} accuracy is 74.4%
        Using feature(s) {1,2,3,4,5,6,7,8,9,10,11,12,14,16,17,19,21,22,28,30,31,32,33,35,36,39,40} accuracy is 74.2%
        Using feature(s) {1,2,3,4,5,6,7,8,9,10,11,12,14,16,17,19,21,22,25,30,31,32,33,35,36,39,40} accuracy is 73.8%
        Using feature(s) {1,2,3,4,5,6,7,8,9,10,11,12,14,16,17,19,21,22,25,28,31,32,33,35,36,39,40} accuracy is 74.4%
        Using feature(s) {1,2,3,4,5,6,7,8,9,10,11,12,14,16,17,19,21,22,25,28,30,32,33,35,36,39,40} accuracy is 72.7%
        Using feature(s) {1,2,3,4,5,6,7,8,9,10,11,12,14,16,17,19,21,22,25,28,30,31,33,35,36,39,40} accuracy is 74.2%
        Using feature(s) {1,2,3,4,5,6,7,8,9,10,11,12,14,16,17,19,21,22,25,28,30,31,32,35,36,39,40} accuracy is 73.6%
        Using feature(s) {1,2,3,4,5,6,7,8,9,10,11,12,14,16,17,19,21,22,25,28,30,31,32,33,36,39,40} accuracy is 75%
        Using feature(s) {1,2,3,4,5,6,7,8,9,10,11,12,14,16,17,19,21,22,25,28,30,31,32,33,35,39,40} accuracy is 74.3%
        Using feature(s) {1,2,3,4,5,6,7,8,9,10,11,12,14,16,17,19,21,22,25,28,30,31,32,33,35,36,40} accuracy is 74.7%
        Using feature(s) {1,2,3,4,5,6,7,8,9,10,11,12,14,16,17,19,21,22,25,28,30,31,32,33,35,36,39} accuracy is 74%

Removing feature {19} from feature set was best, accuracy is 75%
(Warning, accuracy has decreased! Continuing search in case of local maxima)
        Using feature(s) {2,3,4,5,6,7,8,9,10,11,12,14,16,17,21,22,25,28,30,31,32,33,35,36,39,40} accuracy is 73.8%
        Using feature(s) {1,3,4,5,6,7,8,9,10,11,12,14,16,17,21,22,25,28,30,31,32,33,35,36,39,40} accuracy is 73.6%
        Using feature(s) {1,2,4,5,6,7,8,9,10,11,12,14,16,17,21,22,25,28,30,31,32,33,35,36,39,40} accuracy is 73.4%
        Using feature(s) {1,2,3,5,6,7,8,9,10,11,12,14,16,17,21,22,25,28,30,31,32,33,35,36,39,40} accuracy is 73.4%
        Using feature(s) {1,2,3,4,6,7,8,9,10,11,12,14,16,17,21,22,25,28,30,31,32,33,35,36,39,40} accuracy is 74.3%
        Using feature(s) {1,2,3,4,5,7,8,9,10,11,12,14,16,17,21,22,25,28,30,31,32,33,35,36,39,40} accuracy is 73.2%
        Using feature(s) {1,2,3,4,5,6,8,9,10,11,12,14,16,17,21,22,25,28,30,31,32,33,35,36,39,40} accuracy is 72.6%
        Using feature(s) {1,2,3,4,5,6,7,9,10,11,12,14,16,17,21,22,25,28,30,31,32,33,35,36,39,40} accuracy is 72.8%
        Using feature(s) {1,2,3,4,5,6,7,8,10,11,12,14,16,17,21,22,25,28,30,31,32,33,35,36,39,40} accuracy is 73.7%
        Using feature(s) {1,2,3,4,5,6,7,8,9,11,12,14,16,17,21,22,25,28,30,31,32,33,35,36,39,40} accuracy is 74.9%
        Using feature(s) {1,2,3,4,5,6,7,8,9,10,12,14,16,17,21,22,25,28,30,31,32,33,35,36,39,40} accuracy is 74.6%
        Using feature(s) {1,2,3,4,5,6,7,8,9,10,11,14,16,17,21,22,25,28,30,31,32,33,35,36,39,40} accuracy is 73.5%
        Using feature(s) {1,2,3,4,5,6,7,8,9,10,11,12,16,17,21,22,25,28,30,31,32,33,35,36,39,40} accuracy is 74.7%
        Using feature(s) {1,2,3,4,5,6,7,8,9,10,11,12,14,17,21,22,25,28,30,31,32,33,35,36,39,40} accuracy is 73.9%
        Using feature(s) {1,2,3,4,5,6,7,8,9,10,11,12,14,16,21,22,25,28,30,31,32,33,35,36,39,40} accuracy is 74.2%
        Using feature(s) {1,2,3,4,5,6,7,8,9,10,11,12,14,16,17,22,25,28,30,31,32,33,35,36,39,40} accuracy is 73.9%
        Using feature(s) {1,2,3,4,5,6,7,8,9,10,11,12,14,16,17,21,25,28,30,31,32,33,35,36,39,40} accuracy is 74.1%
        Using feature(s) {1,2,3,4,5,6,7,8,9,10,11,12,14,16,17,21,22,28,30,31,32,33,35,36,39,40} accuracy is 73.8%
        Using feature(s) {1,2,3,4,5,6,7,8,9,10,11,12,14,16,17,21,22,25,30,31,32,33,35,36,39,40} accuracy is 71.8%
        Using feature(s) {1,2,3,4,5,6,7,8,9,10,11,12,14,16,17,21,22,25,28,31,32,33,35,36,39,40} accuracy is 73.3%
        Using feature(s) {1,2,3,4,5,6,7,8,9,10,11,12,14,16,17,21,22,25,28,30,32,33,35,36,39,40} accuracy is 72.6%
        Using feature(s) {1,2,3,4,5,6,7,8,9,10,11,12,14,16,17,21,22,25,28,30,31,33,35,36,39,40} accuracy is 72.6%
        Using feature(s) {1,2,3,4,5,6,7,8,9,10,11,12,14,16,17,21,22,25,28,30,31,32,35,36,39,40} accuracy is 72.7%
        Using feature(s) {1,2,3,4,5,6,7,8,9,10,11,12,14,16,17,21,22,25,28,30,31,32,33,36,39,40} accuracy is 74.4%
        Using feature(s) {1,2,3,4,5,6,7,8,9,10,11,12,14,16,17,21,22,25,28,30,31,32,33,35,39,40} accuracy is 74.3%
        Using feature(s) {1,2,3,4,5,6,7,8,9,10,11,12,14,16,17,21,22,25,28,30,31,32,33,35,36,40} accuracy is 74.7%
        Using feature(s) {1,2,3,4,5,6,7,8,9,10,11,12,14,16,17,21,22,25,28,30,31,32,33,35,36,39} accuracy is 74%

Removing feature {10} from feature set was best, accuracy is 74.9%
(Warning, accuracy has decreased! Continuing search in case of local maxima)
        Using feature(s) {2,3,4,5,6,7,8,9,11,12,14,16,17,21,22,25,28,30,31,32,33,35,36,39,40} accuracy is 72.9%
        Using feature(s) {1,3,4,5,6,7,8,9,11,12,14,16,17,21,22,25,28,30,31,32,33,35,36,39,40} accuracy is 72.7%
        Using feature(s) {1,2,4,5,6,7,8,9,11,12,14,16,17,21,22,25,28,30,31,32,33,35,36,39,40} accuracy is 73.7%
        Using feature(s) {1,2,3,5,6,7,8,9,11,12,14,16,17,21,22,25,28,30,31,32,33,35,36,39,40} accuracy is 74.3%
        Using feature(s) {1,2,3,4,6,7,8,9,11,12,14,16,17,21,22,25,28,30,31,32,33,35,36,39,40} accuracy is 75.6%
        Using feature(s) {1,2,3,4,5,7,8,9,11,12,14,16,17,21,22,25,28,30,31,32,33,35,36,39,40} accuracy is 73.7%
        Using feature(s) {1,2,3,4,5,6,8,9,11,12,14,16,17,21,22,25,28,30,31,32,33,35,36,39,40} accuracy is 73.5%
        Using feature(s) {1,2,3,4,5,6,7,9,11,12,14,16,17,21,22,25,28,30,31,32,33,35,36,39,40} accuracy is 73.5%
        Using feature(s) {1,2,3,4,5,6,7,8,11,12,14,16,17,21,22,25,28,30,31,32,33,35,36,39,40} accuracy is 74.3%
        Using feature(s) {1,2,3,4,5,6,7,8,9,12,14,16,17,21,22,25,28,30,31,32,33,35,36,39,40} accuracy is 74.3%
        Using feature(s) {1,2,3,4,5,6,7,8,9,11,14,16,17,21,22,25,28,30,31,32,33,35,36,39,40} accuracy is 74.6%
        Using feature(s) {1,2,3,4,5,6,7,8,9,11,12,16,17,21,22,25,28,30,31,32,33,35,36,39,40} accuracy is 75.1%
        Using feature(s) {1,2,3,4,5,6,7,8,9,11,12,14,17,21,22,25,28,30,31,32,33,35,36,39,40} accuracy is 76%
        Using feature(s) {1,2,3,4,5,6,7,8,9,11,12,14,16,21,22,25,28,30,31,32,33,35,36,39,40} accuracy is 73.4%
        Using feature(s) {1,2,3,4,5,6,7,8,9,11,12,14,16,17,22,25,28,30,31,32,33,35,36,39,40} accuracy is 73.9%
        Using feature(s) {1,2,3,4,5,6,7,8,9,11,12,14,16,17,21,25,28,30,31,32,33,35,36,39,40} accuracy is 74.1%
        Using feature(s) {1,2,3,4,5,6,7,8,9,11,12,14,16,17,21,22,28,30,31,32,33,35,36,39,40} accuracy is 74.3%
        Using feature(s) {1,2,3,4,5,6,7,8,9,11,12,14,16,17,21,22,25,30,31,32,33,35,36,39,40} accuracy is 72.3%
        Using feature(s) {1,2,3,4,5,6,7,8,9,11,12,14,16,17,21,22,25,28,31,32,33,35,36,39,40} accuracy is 74.2%
        Using feature(s) {1,2,3,4,5,6,7,8,9,11,12,14,16,17,21,22,25,28,30,32,33,35,36,39,40} accuracy is 74.8%
        Using feature(s) {1,2,3,4,5,6,7,8,9,11,12,14,16,17,21,22,25,28,30,31,33,35,36,39,40} accuracy is 72.3%
        Using feature(s) {1,2,3,4,5,6,7,8,9,11,12,14,16,17,21,22,25,28,30,31,32,35,36,39,40} accuracy is 74.1%
        Using feature(s) {1,2,3,4,5,6,7,8,9,11,12,14,16,17,21,22,25,28,30,31,32,33,36,39,40} accuracy is 75.1%
        Using feature(s) {1,2,3,4,5,6,7,8,9,11,12,14,16,17,21,22,25,28,30,31,32,33,35,39,40} accuracy is 73%
        Using feature(s) {1,2,3,4,5,6,7,8,9,11,12,14,16,17,21,22,25,28,30,31,32,33,35,36,40} accuracy is 74.7%
        Using feature(s) {1,2,3,4,5,6,7,8,9,11,12,14,16,17,21,22,25,28,30,31,32,33,35,36,39} accuracy is 74.3%

Removing feature {16} from feature set was best, accuracy is 76%
        Using feature(s) {2,3,4,5,6,7,8,9,11,12,14,17,21,22,25,28,30,31,32,33,35,36,39,40} accuracy is 73.6%
        Using feature(s) {1,3,4,5,6,7,8,9,11,12,14,17,21,22,25,28,30,31,32,33,35,36,39,40} accuracy is 74.1%
        Using feature(s) {1,2,4,5,6,7,8,9,11,12,14,17,21,22,25,28,30,31,32,33,35,36,39,40} accuracy is 72.4%
        Using feature(s) {1,2,3,5,6,7,8,9,11,12,14,17,21,22,25,28,30,31,32,33,35,36,39,40} accuracy is 75.2%
        Using feature(s) {1,2,3,4,6,7,8,9,11,12,14,17,21,22,25,28,30,31,32,33,35,36,39,40} accuracy is 75.6%
        Using feature(s) {1,2,3,4,5,7,8,9,11,12,14,17,21,22,25,28,30,31,32,33,35,36,39,40} accuracy is 74.4%
        Using feature(s) {1,2,3,4,5,6,8,9,11,12,14,17,21,22,25,28,30,31,32,33,35,36,39,40} accuracy is 74.2%
        Using feature(s) {1,2,3,4,5,6,7,9,11,12,14,17,21,22,25,28,30,31,32,33,35,36,39,40} accuracy is 75.3%
        Using feature(s) {1,2,3,4,5,6,7,8,11,12,14,17,21,22,25,28,30,31,32,33,35,36,39,40} accuracy is 75.7%
        Using feature(s) {1,2,3,4,5,6,7,8,9,12,14,17,21,22,25,28,30,31,32,33,35,36,39,40} accuracy is 74.1%
        Using feature(s) {1,2,3,4,5,6,7,8,9,11,14,17,21,22,25,28,30,31,32,33,35,36,39,40} accuracy is 73.8%
        Using feature(s) {1,2,3,4,5,6,7,8,9,11,12,17,21,22,25,28,30,31,32,33,35,36,39,40} accuracy is 74.2%
        Using feature(s) {1,2,3,4,5,6,7,8,9,11,12,14,21,22,25,28,30,31,32,33,35,36,39,40} accuracy is 75%
        Using feature(s) {1,2,3,4,5,6,7,8,9,11,12,14,17,22,25,28,30,31,32,33,35,36,39,40} accuracy is 74.2%
        Using feature(s) {1,2,3,4,5,6,7,8,9,11,12,14,17,21,25,28,30,31,32,33,35,36,39,40} accuracy is 73.9%
        Using feature(s) {1,2,3,4,5,6,7,8,9,11,12,14,17,21,22,28,30,31,32,33,35,36,39,40} accuracy is 73.8%
        Using feature(s) {1,2,3,4,5,6,7,8,9,11,12,14,17,21,22,25,30,31,32,33,35,36,39,40} accuracy is 71.3%
        Using feature(s) {1,2,3,4,5,6,7,8,9,11,12,14,17,21,22,25,28,31,32,33,35,36,39,40} accuracy is 74.1%
        Using feature(s) {1,2,3,4,5,6,7,8,9,11,12,14,17,21,22,25,28,30,32,33,35,36,39,40} accuracy is 74.8%
        Using feature(s) {1,2,3,4,5,6,7,8,9,11,12,14,17,21,22,25,28,30,31,33,35,36,39,40} accuracy is 73.4%
        Using feature(s) {1,2,3,4,5,6,7,8,9,11,12,14,17,21,22,25,28,30,31,32,35,36,39,40} accuracy is 74.8%
        Using feature(s) {1,2,3,4,5,6,7,8,9,11,12,14,17,21,22,25,28,30,31,32,33,36,39,40} accuracy is 74.2%
        Using feature(s) {1,2,3,4,5,6,7,8,9,11,12,14,17,21,22,25,28,30,31,32,33,35,39,40} accuracy is 74.1%
        Using feature(s) {1,2,3,4,5,6,7,8,9,11,12,14,17,21,22,25,28,30,31,32,33,35,36,40} accuracy is 74.6%
        Using feature(s) {1,2,3,4,5,6,7,8,9,11,12,14,17,21,22,25,28,30,31,32,33,35,36,39} accuracy is 74.3%

Removing feature {9} from feature set was best, accuracy is 75.7%
(Warning, accuracy has decreased! Continuing search in case of local maxima)
        Using feature(s) {2,3,4,5,6,7,8,11,12,14,17,21,22,25,28,30,31,32,33,35,36,39,40} accuracy is 75.1%
        Using feature(s) {1,3,4,5,6,7,8,11,12,14,17,21,22,25,28,30,31,32,33,35,36,39,40} accuracy is 74%
        Using feature(s) {1,2,4,5,6,7,8,11,12,14,17,21,22,25,28,30,31,32,33,35,36,39,40} accuracy is 74.5%
        Using feature(s) {1,2,3,5,6,7,8,11,12,14,17,21,22,25,28,30,31,32,33,35,36,39,40} accuracy is 73.7%
        Using feature(s) {1,2,3,4,6,7,8,11,12,14,17,21,22,25,28,30,31,32,33,35,36,39,40} accuracy is 75%
        Using feature(s) {1,2,3,4,5,7,8,11,12,14,17,21,22,25,28,30,31,32,33,35,36,39,40} accuracy is 75.5%
        Using feature(s) {1,2,3,4,5,6,8,11,12,14,17,21,22,25,28,30,31,32,33,35,36,39,40} accuracy is 74.3%
        Using feature(s) {1,2,3,4,5,6,7,11,12,14,17,21,22,25,28,30,31,32,33,35,36,39,40} accuracy is 75.8%
        Using feature(s) {1,2,3,4,5,6,7,8,12,14,17,21,22,25,28,30,31,32,33,35,36,39,40} accuracy is 75.1%
        Using feature(s) {1,2,3,4,5,6,7,8,11,14,17,21,22,25,28,30,31,32,33,35,36,39,40} accuracy is 75.1%
        Using feature(s) {1,2,3,4,5,6,7,8,11,12,17,21,22,25,28,30,31,32,33,35,36,39,40} accuracy is 75.2%
        Using feature(s) {1,2,3,4,5,6,7,8,11,12,14,21,22,25,28,30,31,32,33,35,36,39,40} accuracy is 75.6%
        Using feature(s) {1,2,3,4,5,6,7,8,11,12,14,17,22,25,28,30,31,32,33,35,36,39,40} accuracy is 75.2%
        Using feature(s) {1,2,3,4,5,6,7,8,11,12,14,17,21,25,28,30,31,32,33,35,36,39,40} accuracy is 74.2%
        Using feature(s) {1,2,3,4,5,6,7,8,11,12,14,17,21,22,28,30,31,32,33,35,36,39,40} accuracy is 74.1%
        Using feature(s) {1,2,3,4,5,6,7,8,11,12,14,17,21,22,25,30,31,32,33,35,36,39,40} accuracy is 74.1%
        Using feature(s) {1,2,3,4,5,6,7,8,11,12,14,17,21,22,25,28,31,32,33,35,36,39,40} accuracy is 74.4%
        Using feature(s) {1,2,3,4,5,6,7,8,11,12,14,17,21,22,25,28,30,32,33,35,36,39,40} accuracy is 74.6%
        Using feature(s) {1,2,3,4,5,6,7,8,11,12,14,17,21,22,25,28,30,31,33,35,36,39,40} accuracy is 74.6%
        Using feature(s) {1,2,3,4,5,6,7,8,11,12,14,17,21,22,25,28,30,31,32,35,36,39,40} accuracy is 75.6%
        Using feature(s) {1,2,3,4,5,6,7,8,11,12,14,17,21,22,25,28,30,31,32,33,36,39,40} accuracy is 74.8%
        Using feature(s) {1,2,3,4,5,6,7,8,11,12,14,17,21,22,25,28,30,31,32,33,35,39,40} accuracy is 74.8%
        Using feature(s) {1,2,3,4,5,6,7,8,11,12,14,17,21,22,25,28,30,31,32,33,35,36,40} accuracy is 75.7%
        Using feature(s) {1,2,3,4,5,6,7,8,11,12,14,17,21,22,25,28,30,31,32,33,35,36,39} accuracy is 74.2%

Removing feature {8} from feature set was best, accuracy is 75.8%

(Warning, accuracy has decreased! Continuing search in case of local maxima)
        Using feature(s) {2,3,4,5,6,7,11,12,14,17,21,22,25,28,30,31,32,33,35,36,39,40} accuracy is 76.6%
        Using feature(s) {1,3,4,5,6,7,11,12,14,17,21,22,25,28,30,31,32,33,35,36,39,40} accuracy is 74.2%
        Using feature(s) {1,2,4,5,6,7,11,12,14,17,21,22,25,28,30,31,32,33,35,36,39,40} accuracy is 74.7%
        Using feature(s) {1,2,3,5,6,7,11,12,14,17,21,22,25,28,30,31,32,33,35,36,39,40} accuracy is 76.1%
        Using feature(s) {1,2,3,4,6,7,11,12,14,17,21,22,25,28,30,31,32,33,35,36,39,40} accuracy is 75.4%
        Using feature(s) {1,2,3,4,5,7,11,12,14,17,21,22,25,28,30,31,32,33,35,36,39,40} accuracy is 74.7%
        Using feature(s) {1,2,3,4,5,6,11,12,14,17,21,22,25,28,30,31,32,33,35,36,39,40} accuracy is 74.1%
        Using feature(s) {1,2,3,4,5,6,7,12,14,17,21,22,25,28,30,31,32,33,35,36,39,40} accuracy is 75%
        Using feature(s) {1,2,3,4,5,6,7,11,14,17,21,22,25,28,30,31,32,33,35,36,39,40} accuracy is 75.6%
        Using feature(s) {1,2,3,4,5,6,7,11,12,17,21,22,25,28,30,31,32,33,35,36,39,40} accuracy is 74.8%
        Using feature(s) {1,2,3,4,5,6,7,11,12,14,21,22,25,28,30,31,32,33,35,36,39,40} accuracy is 75.4%
        Using feature(s) {1,2,3,4,5,6,7,11,12,14,17,22,25,28,30,31,32,33,35,36,39,40} accuracy is 74.8%
        Using feature(s) {1,2,3,4,5,6,7,11,12,14,17,21,25,28,30,31,32,33,35,36,39,40} accuracy is 74%
        Using feature(s) {1,2,3,4,5,6,7,11,12,14,17,21,22,28,30,31,32,33,35,36,39,40} accuracy is 75.5%
        Using feature(s) {1,2,3,4,5,6,7,11,12,14,17,21,22,25,30,31,32,33,35,36,39,40} accuracy is 75.6%
        Using feature(s) {1,2,3,4,5,6,7,11,12,14,17,21,22,25,28,31,32,33,35,36,39,40} accuracy is 76%
        Using feature(s) {1,2,3,4,5,6,7,11,12,14,17,21,22,25,28,30,32,33,35,36,39,40} accuracy is 74.8%
        Using feature(s) {1,2,3,4,5,6,7,11,12,14,17,21,22,25,28,30,31,33,35,36,39,40} accuracy is 75%
        Using feature(s) {1,2,3,4,5,6,7,11,12,14,17,21,22,25,28,30,31,32,35,36,39,40} accuracy is 76.9%
        Using feature(s) {1,2,3,4,5,6,7,11,12,14,17,21,22,25,28,30,31,32,33,36,39,40} accuracy is 76.4%
        Using feature(s) {1,2,3,4,5,6,7,11,12,14,17,21,22,25,28,30,31,32,33,35,39,40} accuracy is 74.7%
        Using feature(s) {1,2,3,4,5,6,7,11,12,14,17,21,22,25,28,30,31,32,33,35,36,40} accuracy is 75%
        Using feature(s) {1,2,3,4,5,6,7,11,12,14,17,21,22,25,28,30,31,32,33,35,36,39} accuracy is 74.8%

Removing feature {33} from feature set was best, accuracy is 76.9%
        Using feature(s) {2,3,4,5,6,7,11,12,14,17,21,22,25,28,30,31,32,35,36,39,40} accuracy is 75.3%
        Using feature(s) {1,3,4,5,6,7,11,12,14,17,21,22,25,28,30,31,32,35,36,39,40} accuracy is 74.2%
        Using feature(s) {1,2,4,5,6,7,11,12,14,17,21,22,25,28,30,31,32,35,36,39,40} accuracy is 76.3%
        Using feature(s) {1,2,3,5,6,7,11,12,14,17,21,22,25,28,30,31,32,35,36,39,40} accuracy is 74.1%
        Using feature(s) {1,2,3,4,6,7,11,12,14,17,21,22,25,28,30,31,32,35,36,39,40} accuracy is 76.5%
        Using feature(s) {1,2,3,4,5,7,11,12,14,17,21,22,25,28,30,31,32,35,36,39,40} accuracy is 76%
        Using feature(s) {1,2,3,4,5,6,11,12,14,17,21,22,25,28,30,31,32,35,36,39,40} accuracy is 75.3%
        Using feature(s) {1,2,3,4,5,6,7,12,14,17,21,22,25,28,30,31,32,35,36,39,40} accuracy is 75.4%
        Using feature(s) {1,2,3,4,5,6,7,11,14,17,21,22,25,28,30,31,32,35,36,39,40} accuracy is 74.9%
        Using feature(s) {1,2,3,4,5,6,7,11,12,17,21,22,25,28,30,31,32,35,36,39,40} accuracy is 75.3%
        Using feature(s) {1,2,3,4,5,6,7,11,12,14,21,22,25,28,30,31,32,35,36,39,40} accuracy is 75.5%
        Using feature(s) {1,2,3,4,5,6,7,11,12,14,17,22,25,28,30,31,32,35,36,39,40} accuracy is 75.9%
        Using feature(s) {1,2,3,4,5,6,7,11,12,14,17,21,25,28,30,31,32,35,36,39,40} accuracy is 73.7%
        Using feature(s) {1,2,3,4,5,6,7,11,12,14,17,21,22,28,30,31,32,35,36,39,40} accuracy is 75.2%
        Using feature(s) {1,2,3,4,5,6,7,11,12,14,17,21,22,25,30,31,32,35,36,39,40} accuracy is 74.3%
        Using feature(s) {1,2,3,4,5,6,7,11,12,14,17,21,22,25,28,31,32,35,36,39,40} accuracy is 74.6%
        Using feature(s) {1,2,3,4,5,6,7,11,12,14,17,21,22,25,28,30,32,35,36,39,40} accuracy is 74.8%
        Using feature(s) {1,2,3,4,5,6,7,11,12,14,17,21,22,25,28,30,31,35,36,39,40} accuracy is 74.7%
        Using feature(s) {1,2,3,4,5,6,7,11,12,14,17,21,22,25,28,30,31,32,36,39,40} accuracy is 76%
        Using feature(s) {1,2,3,4,5,6,7,11,12,14,17,21,22,25,28,30,31,32,35,39,40} accuracy is 74.5%
        Using feature(s) {1,2,3,4,5,6,7,11,12,14,17,21,22,25,28,30,31,32,35,36,40} accuracy is 74.4%
        Using feature(s) {1,2,3,4,5,6,7,11,12,14,17,21,22,25,28,30,31,32,35,36,39} accuracy is 74.9%

Removing feature {5} from feature set was best, accuracy is 76.5%
(Warning, accuracy has decreased! Continuing search in case of local maxima)
        Using feature(s) {2,3,4,6,7,11,12,14,17,21,22,25,28,30,31,32,35,36,39,40} accuracy is 73.9%
        Using feature(s) {1,3,4,6,7,11,12,14,17,21,22,25,28,30,31,32,35,36,39,40} accuracy is 74.5%
        Using feature(s) {1,2,4,6,7,11,12,14,17,21,22,25,28,30,31,32,35,36,39,40} accuracy is 74.6%
        Using feature(s) {1,2,3,6,7,11,12,14,17,21,22,25,28,30,31,32,35,36,39,40} accuracy is 74.3%
        Using feature(s) {1,2,3,4,7,11,12,14,17,21,22,25,28,30,31,32,35,36,39,40} accuracy is 75.1%
        Using feature(s) {1,2,3,4,6,11,12,14,17,21,22,25,28,30,31,32,35,36,39,40} accuracy is 75.8%
        Using feature(s) {1,2,3,4,6,7,12,14,17,21,22,25,28,30,31,32,35,36,39,40} accuracy is 75.2%
        Using feature(s) {1,2,3,4,6,7,11,14,17,21,22,25,28,30,31,32,35,36,39,40} accuracy is 76.3%
        Using feature(s) {1,2,3,4,6,7,11,12,17,21,22,25,28,30,31,32,35,36,39,40} accuracy is 75.1%
        Using feature(s) {1,2,3,4,6,7,11,12,14,21,22,25,28,30,31,32,35,36,39,40} accuracy is 76.8%
        Using feature(s) {1,2,3,4,6,7,11,12,14,17,22,25,28,30,31,32,35,36,39,40} accuracy is 76.1%
        Using feature(s) {1,2,3,4,6,7,11,12,14,17,21,25,28,30,31,32,35,36,39,40} accuracy is 74.4%
        Using feature(s) {1,2,3,4,6,7,11,12,14,17,21,22,28,30,31,32,35,36,39,40} accuracy is 74.6%
        Using feature(s) {1,2,3,4,6,7,11,12,14,17,21,22,25,30,31,32,35,36,39,40} accuracy is 74.4%
        Using feature(s) {1,2,3,4,6,7,11,12,14,17,21,22,25,28,31,32,35,36,39,40} accuracy is 74.8%
        Using feature(s) {1,2,3,4,6,7,11,12,14,17,21,22,25,28,30,32,35,36,39,40} accuracy is 74%
        Using feature(s) {1,2,3,4,6,7,11,12,14,17,21,22,25,28,30,31,35,36,39,40} accuracy is 74.4%
        Using feature(s) {1,2,3,4,6,7,11,12,14,17,21,22,25,28,30,31,32,36,39,40} accuracy is 76%
        Using feature(s) {1,2,3,4,6,7,11,12,14,17,21,22,25,28,30,31,32,35,39,40} accuracy is 75.2%
        Using feature(s) {1,2,3,4,6,7,11,12,14,17,21,22,25,28,30,31,32,35,36,40} accuracy is 76.2%
        Using feature(s) {1,2,3,4,6,7,11,12,14,17,21,22,25,28,30,31,32,35,36,39} accuracy is 75.4%

Removing feature {17} from feature set was best, accuracy is 76.8%
(Warning, accuracy has decreased! Continuing search in case of local maxima)
        Using feature(s) {2,3,4,6,7,11,12,14,21,22,25,28,30,31,32,35,36,39,40} accuracy is 76.6%
        Using feature(s) {1,3,4,6,7,11,12,14,21,22,25,28,30,31,32,35,36,39,40} accuracy is 74.2%
        Using feature(s) {1,2,4,6,7,11,12,14,21,22,25,28,30,31,32,35,36,39,40} accuracy is 74.2%
        Using feature(s) {1,2,3,6,7,11,12,14,21,22,25,28,30,31,32,35,36,39,40} accuracy is 75.1%
        Using feature(s) {1,2,3,4,7,11,12,14,21,22,25,28,30,31,32,35,36,39,40} accuracy is 75.9%
        Using feature(s) {1,2,3,4,6,11,12,14,21,22,25,28,30,31,32,35,36,39,40} accuracy is 75.8%
        Using feature(s) {1,2,3,4,6,7,12,14,21,22,25,28,30,31,32,35,36,39,40} accuracy is 75.2%
        Using feature(s) {1,2,3,4,6,7,11,14,21,22,25,28,30,31,32,35,36,39,40} accuracy is 76.6%
        Using feature(s) {1,2,3,4,6,7,11,12,21,22,25,28,30,31,32,35,36,39,40} accuracy is 77%
        Using feature(s) {1,2,3,4,6,7,11,12,14,22,25,28,30,31,32,35,36,39,40} accuracy is 75.9%
        Using feature(s) {1,2,3,4,6,7,11,12,14,21,25,28,30,31,32,35,36,39,40} accuracy is 75.7%
        Using feature(s) {1,2,3,4,6,7,11,12,14,21,22,28,30,31,32,35,36,39,40} accuracy is 75.8%
        Using feature(s) {1,2,3,4,6,7,11,12,14,21,22,25,30,31,32,35,36,39,40} accuracy is 76.2%
        Using feature(s) {1,2,3,4,6,7,11,12,14,21,22,25,28,31,32,35,36,39,40} accuracy is 76.6%
        Using feature(s) {1,2,3,4,6,7,11,12,14,21,22,25,28,30,32,35,36,39,40} accuracy is 76.1%
        Using feature(s) {1,2,3,4,6,7,11,12,14,21,22,25,28,30,31,35,36,39,40} accuracy is 76.6%
        Using feature(s) {1,2,3,4,6,7,11,12,14,21,22,25,28,30,31,32,36,39,40} accuracy is 76.2%
        Using feature(s) {1,2,3,4,6,7,11,12,14,21,22,25,28,30,31,32,35,39,40} accuracy is 76%
        Using feature(s) {1,2,3,4,6,7,11,12,14,21,22,25,28,30,31,32,35,36,40} accuracy is 76.9%
        Using feature(s) {1,2,3,4,6,7,11,12,14,21,22,25,28,30,31,32,35,36,39} accuracy is 75.1%

Removing feature {14} from feature set was best, accuracy is 77%
        Using feature(s) {2,3,4,6,7,11,12,21,22,25,28,30,31,32,35,36,39,40} accuracy is 76.3%
        Using feature(s) {1,3,4,6,7,11,12,21,22,25,28,30,31,32,35,36,39,40} accuracy is 74.4%
        Using feature(s) {1,2,4,6,7,11,12,21,22,25,28,30,31,32,35,36,39,40} accuracy is 74.5%
        Using feature(s) {1,2,3,6,7,11,12,21,22,25,28,30,31,32,35,36,39,40} accuracy is 75.5%
        Using feature(s) {1,2,3,4,7,11,12,21,22,25,28,30,31,32,35,36,39,40} accuracy is 75.7%
        Using feature(s) {1,2,3,4,6,11,12,21,22,25,28,30,31,32,35,36,39,40} accuracy is 75%
        Using feature(s) {1,2,3,4,6,7,12,21,22,25,28,30,31,32,35,36,39,40} accuracy is 76%
        Using feature(s) {1,2,3,4,6,7,11,21,22,25,28,30,31,32,35,36,39,40} accuracy is 76.5%
        Using feature(s) {1,2,3,4,6,7,11,12,22,25,28,30,31,32,35,36,39,40} accuracy is 77%
        Using feature(s) {1,2,3,4,6,7,11,12,21,25,28,30,31,32,35,36,39,40} accuracy is 75.4%
        Using feature(s) {1,2,3,4,6,7,11,12,21,22,28,30,31,32,35,36,39,40} accuracy is 74.1%
        Using feature(s) {1,2,3,4,6,7,11,12,21,22,25,30,31,32,35,36,39,40} accuracy is 74.8%
        Using feature(s) {1,2,3,4,6,7,11,12,21,22,25,28,31,32,35,36,39,40} accuracy is 74%
        Using feature(s) {1,2,3,4,6,7,11,12,21,22,25,28,30,32,35,36,39,40} accuracy is 75.9%
        Using feature(s) {1,2,3,4,6,7,11,12,21,22,25,28,30,31,35,36,39,40} accuracy is 75.2%
        Using feature(s) {1,2,3,4,6,7,11,12,21,22,25,28,30,31,32,36,39,40} accuracy is 76.6%
        Using feature(s) {1,2,3,4,6,7,11,12,21,22,25,28,30,31,32,35,39,40} accuracy is 75.3%
        Using feature(s) {1,2,3,4,6,7,11,12,21,22,25,28,30,31,32,35,36,40} accuracy is 76.5%
        Using feature(s) {1,2,3,4,6,7,11,12,21,22,25,28,30,31,32,35,36,39} accuracy is 76%

Removing feature {21} from feature set was best, accuracy is 77%
        Using feature(s) {2,3,4,6,7,11,12,22,25,28,30,31,32,35,36,39,40} accuracy is 75.7%
        Using feature(s) {1,3,4,6,7,11,12,22,25,28,30,31,32,35,36,39,40} accuracy is 73.4%
        Using feature(s) {1,2,4,6,7,11,12,22,25,28,30,31,32,35,36,39,40} accuracy is 74.9%
        Using feature(s) {1,2,3,6,7,11,12,22,25,28,30,31,32,35,36,39,40} accuracy is 75%
        Using feature(s) {1,2,3,4,7,11,12,22,25,28,30,31,32,35,36,39,40} accuracy is 75.4%
        Using feature(s) {1,2,3,4,6,11,12,22,25,28,30,31,32,35,36,39,40} accuracy is 77.2%
        Using feature(s) {1,2,3,4,6,7,12,22,25,28,30,31,32,35,36,39,40} accuracy is 76.3%
        Using feature(s) {1,2,3,4,6,7,11,22,25,28,30,31,32,35,36,39,40} accuracy is 77.3%
        Using feature(s) {1,2,3,4,6,7,11,12,25,28,30,31,32,35,36,39,40} accuracy is 75%
        Using feature(s) {1,2,3,4,6,7,11,12,22,28,30,31,32,35,36,39,40} accuracy is 74.5%
        Using feature(s) {1,2,3,4,6,7,11,12,22,25,30,31,32,35,36,39,40} accuracy is 74.7%
        Using feature(s) {1,2,3,4,6,7,11,12,22,25,28,31,32,35,36,39,40} accuracy is 75.9%
        Using feature(s) {1,2,3,4,6,7,11,12,22,25,28,30,32,35,36,39,40} accuracy is 75.2%
        Using feature(s) {1,2,3,4,6,7,11,12,22,25,28,30,31,35,36,39,40} accuracy is 74.5%
        Using feature(s) {1,2,3,4,6,7,11,12,22,25,28,30,31,32,36,39,40} accuracy is 75.8%
        Using feature(s) {1,2,3,4,6,7,11,12,22,25,28,30,31,32,35,39,40} accuracy is 74.7%
        Using feature(s) {1,2,3,4,6,7,11,12,22,25,28,30,31,32,35,36,40} accuracy is 76.9%
        Using feature(s) {1,2,3,4,6,7,11,12,22,25,28,30,31,32,35,36,39} accuracy is 75.9%

Removing feature {12} from feature set was best, accuracy is 77.3%
        Using feature(s) {2,3,4,6,7,11,22,25,28,30,31,32,35,36,39,40} accuracy is 76.1%
        Using feature(s) {1,3,4,6,7,11,22,25,28,30,31,32,35,36,39,40} accuracy is 73.4%
        Using feature(s) {1,2,4,6,7,11,22,25,28,30,31,32,35,36,39,40} accuracy is 75.5%
        Using feature(s) {1,2,3,6,7,11,22,25,28,30,31,32,35,36,39,40} accuracy is 76.6%
        Using feature(s) {1,2,3,4,7,11,22,25,28,30,31,32,35,36,39,40} accuracy is 75.3%
        Using feature(s) {1,2,3,4,6,11,22,25,28,30,31,32,35,36,39,40} accuracy is 76.6%
        Using feature(s) {1,2,3,4,6,7,22,25,28,30,31,32,35,36,39,40} accuracy is 76.4%
        Using feature(s) {1,2,3,4,6,7,11,25,28,30,31,32,35,36,39,40} accuracy is 75.3%
        Using feature(s) {1,2,3,4,6,7,11,22,28,30,31,32,35,36,39,40} accuracy is 74.1%
        Using feature(s) {1,2,3,4,6,7,11,22,25,30,31,32,35,36,39,40} accuracy is 75.5%
        Using feature(s) {1,2,3,4,6,7,11,22,25,28,31,32,35,36,39,40} accuracy is 75.2%
        Using feature(s) {1,2,3,4,6,7,11,22,25,28,30,32,35,36,39,40} accuracy is 75.6%
        Using feature(s) {1,2,3,4,6,7,11,22,25,28,30,31,35,36,39,40} accuracy is 75.7%
        Using feature(s) {1,2,3,4,6,7,11,22,25,28,30,31,32,36,39,40} accuracy is 76.5%
        Using feature(s) {1,2,3,4,6,7,11,22,25,28,30,31,32,35,39,40} accuracy is 76.9%
        Using feature(s) {1,2,3,4,6,7,11,22,25,28,30,31,32,35,36,40} accuracy is 76%
        Using feature(s) {1,2,3,4,6,7,11,22,25,28,30,31,32,35,36,39} accuracy is 75.5%

Removing feature {36} from feature set was best, accuracy is 76.9%
(Warning, accuracy has decreased! Continuing search in case of local maxima)
        Using feature(s) {2,3,4,6,7,11,22,25,28,30,31,32,35,39,40} accuracy is 77.2%
        Using feature(s) {1,3,4,6,7,11,22,25,28,30,31,32,35,39,40} accuracy is 74.6%
        Using feature(s) {1,2,4,6,7,11,22,25,28,30,31,32,35,39,40} accuracy is 75.9%
        Using feature(s) {1,2,3,6,7,11,22,25,28,30,31,32,35,39,40} accuracy is 75.8%
        Using feature(s) {1,2,3,4,7,11,22,25,28,30,31,32,35,39,40} accuracy is 75.9%
        Using feature(s) {1,2,3,4,6,11,22,25,28,30,31,32,35,39,40} accuracy is 77%
        Using feature(s) {1,2,3,4,6,7,22,25,28,30,31,32,35,39,40} accuracy is 75.1%
        Using feature(s) {1,2,3,4,6,7,11,25,28,30,31,32,35,39,40} accuracy is 76.6%
        Using feature(s) {1,2,3,4,6,7,11,22,28,30,31,32,35,39,40} accuracy is 75.7%
        Using feature(s) {1,2,3,4,6,7,11,22,25,30,31,32,35,39,40} accuracy is 76.1%
        Using feature(s) {1,2,3,4,6,7,11,22,25,28,31,32,35,39,40} accuracy is 75.8%
        Using feature(s) {1,2,3,4,6,7,11,22,25,28,30,32,35,39,40} accuracy is 74.1%
        Using feature(s) {1,2,3,4,6,7,11,22,25,28,30,31,35,39,40} accuracy is 75.3%
        Using feature(s) {1,2,3,4,6,7,11,22,25,28,30,31,32,39,40} accuracy is 75.4%
        Using feature(s) {1,2,3,4,6,7,11,22,25,28,30,31,32,35,40} accuracy is 77.4%
        Using feature(s) {1,2,3,4,6,7,11,22,25,28,30,31,32,35,39} accuracy is 76.4%

Removing feature {39} from feature set was best, accuracy is 77.4%
        Using feature(s) {2,3,4,6,7,11,22,25,28,30,31,32,35,40} accuracy is 77.6%
        Using feature(s) {1,3,4,6,7,11,22,25,28,30,31,32,35,40} accuracy is 75.4%
        Using feature(s) {1,2,4,6,7,11,22,25,28,30,31,32,35,40} accuracy is 76.7%
        Using feature(s) {1,2,3,6,7,11,22,25,28,30,31,32,35,40} accuracy is 75.8%
        Using feature(s) {1,2,3,4,7,11,22,25,28,30,31,32,35,40} accuracy is 76.5%
        Using feature(s) {1,2,3,4,6,11,22,25,28,30,31,32,35,40} accuracy is 77.9%
        Using feature(s) {1,2,3,4,6,7,22,25,28,30,31,32,35,40} accuracy is 75.7%
        Using feature(s) {1,2,3,4,6,7,11,25,28,30,31,32,35,40} accuracy is 76.5%
        Using feature(s) {1,2,3,4,6,7,11,22,28,30,31,32,35,40} accuracy is 75.1%
        Using feature(s) {1,2,3,4,6,7,11,22,25,30,31,32,35,40} accuracy is 75.3%
        Using feature(s) {1,2,3,4,6,7,11,22,25,28,31,32,35,40} accuracy is 76.8%
        Using feature(s) {1,2,3,4,6,7,11,22,25,28,30,32,35,40} accuracy is 76.1%
        Using feature(s) {1,2,3,4,6,7,11,22,25,28,30,31,35,40} accuracy is 76.4%
        Using feature(s) {1,2,3,4,6,7,11,22,25,28,30,31,32,40} accuracy is 76.8%
        Using feature(s) {1,2,3,4,6,7,11,22,25,28,30,31,32,35} accuracy is 77.8%

Removing feature {7} from feature set was best, accuracy is 77.9%
        Using feature(s) {2,3,4,6,11,22,25,28,30,31,32,35,40} accuracy is 78.1%
        Using feature(s) {1,3,4,6,11,22,25,28,30,31,32,35,40} accuracy is 74.4%
        Using feature(s) {1,2,4,6,11,22,25,28,30,31,32,35,40} accuracy is 76.8%
        Using feature(s) {1,2,3,6,11,22,25,28,30,31,32,35,40} accuracy is 78%
        Using feature(s) {1,2,3,4,11,22,25,28,30,31,32,35,40} accuracy is 77.2%
        Using feature(s) {1,2,3,4,6,22,25,28,30,31,32,35,40} accuracy is 78.6%
        Using feature(s) {1,2,3,4,6,11,25,28,30,31,32,35,40} accuracy is 77.2%
        Using feature(s) {1,2,3,4,6,11,22,28,30,31,32,35,40} accuracy is 75.6%
        Using feature(s) {1,2,3,4,6,11,22,25,30,31,32,35,40} accuracy is 77.3%
        Using feature(s) {1,2,3,4,6,11,22,25,28,31,32,35,40} accuracy is 77%
        Using feature(s) {1,2,3,4,6,11,22,25,28,30,32,35,40} accuracy is 76.8%
        Using feature(s) {1,2,3,4,6,11,22,25,28,30,31,35,40} accuracy is 76.6%
        Using feature(s) {1,2,3,4,6,11,22,25,28,30,31,32,40} accuracy is 77.9%
        Using feature(s) {1,2,3,4,6,11,22,25,28,30,31,32,35} accuracy is 77.5%

Removing feature {11} from feature set was best, accuracy is 78.6%
        Using feature(s) {2,3,4,6,22,25,28,30,31,32,35,40} accuracy is 77.3%
        Using feature(s) {1,3,4,6,22,25,28,30,31,32,35,40} accuracy is 72.3%
        Using feature(s) {1,2,4,6,22,25,28,30,31,32,35,40} accuracy is 77.1%
        Using feature(s) {1,2,3,6,22,25,28,30,31,32,35,40} accuracy is 77.8%
        Using feature(s) {1,2,3,4,22,25,28,30,31,32,35,40} accuracy is 77.1%
        Using feature(s) {1,2,3,4,6,25,28,30,31,32,35,40} accuracy is 79.4%
        Using feature(s) {1,2,3,4,6,22,28,30,31,32,35,40} accuracy is 76.3%
        Using feature(s) {1,2,3,4,6,22,25,30,31,32,35,40} accuracy is 78.6%
        Using feature(s) {1,2,3,4,6,22,25,28,31,32,35,40} accuracy is 77.7%
        Using feature(s) {1,2,3,4,6,22,25,28,30,32,35,40} accuracy is 76.7%
        Using feature(s) {1,2,3,4,6,22,25,28,30,31,35,40} accuracy is 76.8%
        Using feature(s) {1,2,3,4,6,22,25,28,30,31,32,40} accuracy is 79.4%
        Using feature(s) {1,2,3,4,6,22,25,28,30,31,32,35} accuracy is 77.2%

Removing feature {22} from feature set was best, accuracy is 79.4%
        Using feature(s) {2,3,4,6,25,28,30,31,32,35,40} accuracy is 77.6%
        Using feature(s) {1,3,4,6,25,28,30,31,32,35,40} accuracy is 74.5%
        Using feature(s) {1,2,4,6,25,28,30,31,32,35,40} accuracy is 78.4%
        Using feature(s) {1,2,3,6,25,28,30,31,32,35,40} accuracy is 78.5%
        Using feature(s) {1,2,3,4,25,28,30,31,32,35,40} accuracy is 79.3%
        Using feature(s) {1,2,3,4,6,28,30,31,32,35,40} accuracy is 75.1%
        Using feature(s) {1,2,3,4,6,25,30,31,32,35,40} accuracy is 77.4%
        Using feature(s) {1,2,3,4,6,25,28,31,32,35,40} accuracy is 78.2%
        Using feature(s) {1,2,3,4,6,25,28,30,32,35,40} accuracy is 76.6%
        Using feature(s) {1,2,3,4,6,25,28,30,31,35,40} accuracy is 77.1%
        Using feature(s) {1,2,3,4,6,25,28,30,31,32,40} accuracy is 78.2%
        Using feature(s) {1,2,3,4,6,25,28,30,31,32,35} accuracy is 78%

Removing feature {6} from feature set was best, accuracy is 79.3%
(Warning, accuracy has decreased! Continuing search in case of local maxima)
        Using feature(s) {2,3,4,25,28,30,31,32,35,40} accuracy is 78.5%
        Using feature(s) {1,3,4,25,28,30,31,32,35,40} accuracy is 73.6%
        Using feature(s) {1,2,4,25,28,30,31,32,35,40} accuracy is 77.8%
        Using feature(s) {1,2,3,25,28,30,31,32,35,40} accuracy is 78.4%
        Using feature(s) {1,2,3,4,28,30,31,32,35,40} accuracy is 75.8%
        Using feature(s) {1,2,3,4,25,30,31,32,35,40} accuracy is 80%
        Using feature(s) {1,2,3,4,25,28,31,32,35,40} accuracy is 79.5%
        Using feature(s) {1,2,3,4,25,28,30,32,35,40} accuracy is 78%
        Using feature(s) {1,2,3,4,25,28,30,31,35,40} accuracy is 76.1%
        Using feature(s) {1,2,3,4,25,28,30,31,32,40} accuracy is 79%
        Using feature(s) {1,2,3,4,25,28,30,31,32,35} accuracy is 78.7%

Removing feature {28} from feature set was best, accuracy is 80%
        Using feature(s) {2,3,4,25,30,31,32,35,40} accuracy is 79.3%
        Using feature(s) {1,3,4,25,30,31,32,35,40} accuracy is 74.2%
        Using feature(s) {1,2,4,25,30,31,32,35,40} accuracy is 79.8%
        Using feature(s) {1,2,3,25,30,31,32,35,40} accuracy is 79%
        Using feature(s) {1,2,3,4,30,31,32,35,40} accuracy is 77.4%
        Using feature(s) {1,2,3,4,25,31,32,35,40} accuracy is 80.6%
        Using feature(s) {1,2,3,4,25,30,32,35,40} accuracy is 80.4%
        Using feature(s) {1,2,3,4,25,30,31,35,40} accuracy is 81%
        Using feature(s) {1,2,3,4,25,30,31,32,40} accuracy is 80.9%
        Using feature(s) {1,2,3,4,25,30,31,32,35} accuracy is 81%

Removing feature {32} from feature set was best, accuracy is 81%
        Using feature(s) {2,3,4,25,30,31,35,40} accuracy is 80.6%
        Using feature(s) {1,3,4,25,30,31,35,40} accuracy is 73.9%
        Using feature(s) {1,2,4,25,30,31,35,40} accuracy is 80%
        Using feature(s) {1,2,3,25,30,31,35,40} accuracy is 80.5%
        Using feature(s) {1,2,3,4,30,31,35,40} accuracy is 76.6%
        Using feature(s) {1,2,3,4,25,31,35,40} accuracy is 82%
        Using feature(s) {1,2,3,4,25,30,35,40} accuracy is 79.1%
        Using feature(s) {1,2,3,4,25,30,31,40} accuracy is 79.7%
        Using feature(s) {1,2,3,4,25,30,31,35} accuracy is 79.7%

Removing feature {30} from feature set was best, accuracy is 82%
        Using feature(s) {2,3,4,25,31,35,40} accuracy is 81.9%
        Using feature(s) {1,3,4,25,31,35,40} accuracy is 73.1%
        Using feature(s) {1,2,4,25,31,35,40} accuracy is 82.8%
        Using feature(s) {1,2,3,25,31,35,40} accuracy is 84.3%
        Using feature(s) {1,2,3,4,31,35,40} accuracy is 76.9%
        Using feature(s) {1,2,3,4,25,35,40} accuracy is 82%
        Using feature(s) {1,2,3,4,25,31,40} accuracy is 81.6%
        Using feature(s) {1,2,3,4,25,31,35} accuracy is 81.9%

Removing feature {4} from feature set was best, accuracy is 84.3%
        Using feature(s) {2,3,25,31,35,40} accuracy is 84.2%
        Using feature(s) {1,3,25,31,35,40} accuracy is 73.5%
        Using feature(s) {1,2,25,31,35,40} accuracy is 85.3%
        Using feature(s) {1,2,3,31,35,40} accuracy is 77.8%
        Using feature(s) {1,2,3,25,35,40} accuracy is 85.9%
        Using feature(s) {1,2,3,25,31,40} accuracy is 83.1%
        Using feature(s) {1,2,3,25,31,35} accuracy is 85.7%

Removing feature {31} from feature set was best, accuracy is 85.9%
        Using feature(s) {2,3,25,35,40} accuracy is 87.8%
        Using feature(s) {1,3,25,35,40} accuracy is 75.3%
        Using feature(s) {1,2,25,35,40} accuracy is 88.5%
        Using feature(s) {1,2,3,35,40} accuracy is 80.2%
        Using feature(s) {1,2,3,25,40} accuracy is 86%
        Using feature(s) {1,2,3,25,35} accuracy is 87.5%

Removing feature {3} from feature set was best, accuracy is 88.5%
        Using feature(s) {2,25,35,40} accuracy is 90%
        Using feature(s) {1,25,35,40} accuracy is 74.8%
        Using feature(s) {1,2,35,40} accuracy is 80.4%
        Using feature(s) {1,2,25,40} accuracy is 89.9%
        Using feature(s) {1,2,25,35} accuracy is 89.2%

Removing feature {1} from feature set was best, accuracy is 90%
        Using feature(s) {25,35,40} accuracy is 75.4%
        Using feature(s) {2,35,40} accuracy is 82.1%
        Using feature(s) {2,25,40} accuracy is 94.1%
        Using feature(s) {2,25,35} accuracy is 94.7%

Removing feature {40} from feature set was best, accuracy is 94.7%
        Using feature(s) {25,35} accuracy is 74.1%
Removing feature {40} from feature set was best, accuracy is 94.7%
Removing feature {40} from feature set was best, accuracy is 94.7%
        Using feature(s) {25,35} accuracy is 74.1%
Removing feature {40} from feature set was best, accuracy is 94.7%
Removing feature {40} from feature set was best, accuracy is 94.7%
        Using feature(s) {25,35} accuracy is 74.1%
        Using feature(s) {2,35} accuracy is 84.2%
Removing feature {40} from feature set was best, accuracy is 94.7%
        Using feature(s) {25,35} accuracy is 74.1%
        Using feature(s) {2,35} accuracy is 84.2%
        Using feature(s) {2,25} accuracy is 96.7%

Removing feature {35} from feature set was best, accuracy is 96.7%
Removing feature {40} from feature set was best, accuracy is 94.7%
        Using feature(s) {25,35} accuracy is 74.1%
        Using feature(s) {2,35} accuracy is 84.2%
        Using feature(s) {2,25} accuracy is 96.7%

Removing feature {40} from feature set was best, accuracy is 94.7%
        Using feature(s) {25,35} accuracy is 74.1%
        Using feature(s) {2,35} accuracy is 84.2%
        Using feature(s) {25,35} accuracy is 74.1%
        Using feature(s) {2,35} accuracy is 84.2%
        Using feature(s) {2,25} accuracy is 96.7%

Removing feature {35} from feature set was best, accuracy is 96.7%
        Using feature(s) {25} accuracy is 73.3%
        Using feature(s) {2} accuracy is 83.2%

Removing feature {25} from feature set was best, accuracy is 83.2%
(Warning, accuracy has decreased! Continuing search in case of local maxima)

Removing feature {2} from feature set was best, accuracy is 82.1%

Finished search!! The best feature subset is {2,25} with an accuracy of 96.7%

Function execution time: 3878 seconds.